
JOGO NUMERO: 14
Sorteio
[3, 19, 23, 28, 29, 33, 39, 43, 47, 48, 56, 57, 64, 67, 69, 76, 79, 80, 89, 98]
Bilhete:
[1, 2, 3, 4, 8, 11, 13, 16, 20, 21, 22, 24, 27, 28, 29, 30, 33, 37, 38, 39, 42, 43, 44, 45, 47, 48, 50, 52, 55, 56, 60, 61, 62, 64, 65, 67, 72, 73, 74, 75, 76, 78, 79, 80, 81, 86, 89, 90, 93, 96]
Acertos:
15

JOGO NUMERO: 241
Sorteio
[3, 19, 23, 28, 29, 33, 39, 43, 47, 48, 56, 57, 64, 67, 69, 76, 79, 80, 89, 98]
Bilhete:
[1, 3, 4, 8, 9, 10, 11, 12, 14, 18, 19, 22, 23, 26, 28, 30, 32, 33, 34, 38, 39, 40, 41, 43, 44, 46, 47, 48, 52, 55, 58, 59, 62, 63, 64, 66, 67, 75, 76, 77, 79, 80, 81, 82, 83, 84, 88, 89, 94, 99]
Acertos:
15

JOGO NUMERO: 290
Sorteio
[3, 19, 23, 28, 29, 33, 39, 43, 47, 48, 56, 57, 64, 67, 69, 76, 79, 80, 89, 98]
Bilhete:
[1, 2, 3, 7, 8, 10, 12, 13, 14, 18, 19, 22, 23, 28, 29, 31, 33, 34, 35, 39, 41, 42, 43, 44, 45, 47, 49, 50, 53, 54, 55, 56, 60, 61, 63, 64, 68, 69, 73, 76, 78, 79, 80, 86, 87, 91, 93, 94, 98, 99]
Acertos:
16

JOGO NUMERO: 343
Sorteio
[3, 19, 23, 28, 29, 33, 39, 43, 47, 48, 56, 57, 64, 67, 69, 76, 79, 80, 89, 98]
Bilhete:
[0, 3, 4, 5, 6, 9, 11, 12, 15, 16, 18, 19, 20, 23, 24, 26, 28, 29, 31, 33, 34, 35, 38, 39, 40, 41, 43, 45, 46, 47, 48, 51, 54, 55, 56, 62, 65, 68, 69, 70, 73, 74, 77, 78, 79, 80, 87, 91, 93, 98]
Acertos:
15

JOGO NUMERO: 363
Sorteio
[3, 19, 23, 28, 29, 33, 39, 43, 47, 48, 56, 57, 64, 67, 69, 76, 79, 80, 89, 98]
Bilhete:
[1, 2, 3, 4, 6, 9, 10, 14, 15, 17, 18, 19, 20, 21, 23, 26, 27, 28, 29, 31, 33, 34, 36, 38, 40, 42, 43, 46, 47, 48, 50, 54, 55, 57, 60, 61, 64, 66, 68, 69, 70, 75, 76, 77, 80, 83, 85, 88, 89, 99]
Acertos:
15
