
JOGO NUMERO: 77
Sorteio
[0, 1, 2, 22, 24, 27, 32, 35, 40, 41, 51, 57, 62, 63, 68, 71, 75, 80, 85, 87]
Bilhete:
[1, 2, 3, 5, 11, 12, 13, 14, 15, 16, 17, 18, 19, 21, 22, 24, 30, 31, 32, 33, 35, 38, 39, 42, 45, 48, 51, 54, 57, 60, 62, 63, 66, 68, 70, 71, 73, 74, 77, 78, 80, 81, 85, 86, 87, 88, 90, 91, 94, 95]
Acertos:
15

JOGO NUMERO: 355
Sorteio
[0, 1, 2, 22, 24, 27, 32, 35, 40, 41, 51, 57, 62, 63, 68, 71, 75, 80, 85, 87]
Bilhete:
[0, 2, 3, 6, 8, 10, 14, 15, 19, 21, 22, 23, 24, 25, 27, 30, 31, 32, 38, 40, 41, 42, 43, 45, 47, 48, 51, 55, 58, 59, 60, 62, 63, 65, 66, 69, 71, 74, 75, 77, 79, 80, 82, 84, 85, 87, 90, 95, 97, 99]
Acertos:
16

JOGO NUMERO: 412
Sorteio
[0, 1, 2, 22, 24, 27, 32, 35, 40, 41, 51, 57, 62, 63, 68, 71, 75, 80, 85, 87]
Bilhete:
[0, 1, 2, 5, 7, 9, 11, 14, 16, 17, 19, 20, 22, 24, 27, 30, 31, 34, 35, 36, 37, 39, 44, 46, 50, 51, 52, 53, 57, 60, 62, 63, 65, 68, 69, 70, 71, 72, 75, 77, 80, 81, 82, 84, 85, 88, 90, 91, 94, 96]
Acertos:
16

JOGO NUMERO: 540
Sorteio
[0, 1, 2, 22, 24, 27, 32, 35, 40, 41, 51, 57, 62, 63, 68, 71, 75, 80, 85, 87]
Bilhete:
[0, 1, 2, 3, 5, 7, 9, 12, 13, 14, 16, 20, 23, 24, 26, 27, 28, 31, 33, 37, 40, 41, 43, 44, 46, 50, 51, 52, 53, 55, 57, 59, 60, 62, 65, 68, 69, 71, 75, 76, 77, 79, 80, 81, 82, 85, 87, 88, 91, 92]
Acertos:
16

JOGO NUMERO: 604
Sorteio
[0, 1, 2, 22, 24, 27, 32, 35, 40, 41, 51, 57, 62, 63, 68, 71, 75, 80, 85, 87]
Bilhete:
[1, 2, 4, 7, 8, 10, 11, 13, 14, 15, 16, 18, 19, 21, 22, 25, 27, 29, 30, 32, 34, 35, 40, 41, 43, 44, 49, 50, 51, 54, 56, 57, 62, 63, 64, 65, 66, 68, 71, 75, 81, 87, 88, 89, 90, 91, 93, 96, 97, 99]
Acertos:
16

JOGO NUMERO: 615
Sorteio
[0, 1, 2, 22, 24, 27, 32, 35, 40, 41, 51, 57, 62, 63, 68, 71, 75, 80, 85, 87]
Bilhete:
[0, 1, 2, 3, 6, 7, 8, 12, 13, 17, 20, 21, 22, 25, 26, 27, 28, 29, 30, 32, 33, 34, 35, 37, 41, 48, 51, 54, 55, 56, 61, 63, 65, 71, 75, 78, 79, 80, 81, 83, 84, 85, 86, 87, 88, 89, 92, 93, 94, 97]
Acertos:
15

JOGO NUMERO: 700
Sorteio
[0, 1, 2, 22, 24, 27, 32, 35, 40, 41, 51, 57, 62, 63, 68, 71, 75, 80, 85, 87]
Bilhete:
[0, 1, 2, 3, 7, 8, 9, 11, 15, 16, 17, 18, 21, 22, 23, 27, 29, 30, 32, 33, 34, 35, 40, 41, 42, 43, 46, 51, 53, 55, 58, 59, 60, 62, 67, 68, 74, 75, 77, 78, 80, 81, 85, 89, 90, 91, 92, 96, 98, 99]
Acertos:
15

JOGO NUMERO: 730
Sorteio
[0, 1, 2, 22, 24, 27, 32, 35, 40, 41, 51, 57, 62, 63, 68, 71, 75, 80, 85, 87]
Bilhete:
[0, 2, 3, 4, 6, 7, 9, 15, 20, 21, 23, 24, 26, 30, 32, 34, 38, 39, 40, 41, 43, 45, 46, 48, 49, 51, 52, 53, 54, 56, 57, 58, 62, 63, 66, 71, 72, 75, 76, 78, 80, 81, 83, 85, 86, 87, 89, 90, 93, 96]
Acertos:
15

JOGO NUMERO: 743
Sorteio
[0, 1, 2, 22, 24, 27, 32, 35, 40, 41, 51, 57, 62, 63, 68, 71, 75, 80, 85, 87]
Bilhete:
[0, 2, 5, 7, 12, 14, 15, 17, 19, 22, 23, 24, 26, 27, 29, 30, 32, 33, 35, 37, 38, 40, 41, 46, 47, 49, 50, 51, 53, 54, 56, 60, 61, 62, 63, 64, 65, 70, 71, 72, 73, 76, 80, 81, 82, 83, 85, 93, 94, 97]
Acertos:
15

JOGO NUMERO: 804
Sorteio
[0, 1, 2, 22, 24, 27, 32, 35, 40, 41, 51, 57, 62, 63, 68, 71, 75, 80, 85, 87]
Bilhete:
[0, 1, 2, 3, 5, 6, 7, 9, 10, 13, 17, 18, 19, 20, 21, 22, 24, 25, 26, 27, 28, 32, 33, 34, 38, 39, 40, 42, 47, 48, 49, 51, 57, 59, 62, 63, 64, 66, 67, 69, 76, 80, 82, 83, 85, 86, 87, 90, 92, 95]
Acertos:
15

JOGO NUMERO: 861
Sorteio
[0, 1, 2, 22, 24, 27, 32, 35, 40, 41, 51, 57, 62, 63, 68, 71, 75, 80, 85, 87]
Bilhete:
[0, 1, 2, 4, 13, 14, 16, 17, 22, 23, 24, 25, 27, 29, 30, 31, 32, 34, 35, 38, 39, 40, 42, 43, 44, 45, 50, 52, 55, 57, 60, 63, 67, 68, 74, 75, 77, 79, 82, 84, 85, 86, 87, 88, 89, 91, 93, 94, 97, 99]
Acertos:
15

JOGO NUMERO: 938
Sorteio
[0, 1, 2, 22, 24, 27, 32, 35, 40, 41, 51, 57, 62, 63, 68, 71, 75, 80, 85, 87]
Bilhete:
[0, 1, 3, 5, 7, 8, 12, 20, 21, 22, 24, 25, 28, 29, 31, 32, 33, 34, 37, 38, 40, 41, 42, 43, 45, 46, 52, 57, 58, 59, 61, 62, 63, 64, 65, 67, 68, 69, 70, 75, 80, 82, 85, 87, 88, 91, 93, 95, 96, 99]
Acertos:
15

JOGO NUMERO: 1004
Sorteio
[0, 1, 2, 22, 24, 27, 32, 35, 40, 41, 51, 57, 62, 63, 68, 71, 75, 80, 85, 87]
Bilhete:
[0, 1, 2, 3, 4, 5, 6, 7, 12, 16, 20, 22, 25, 27, 30, 31, 32, 34, 35, 38, 40, 41, 42, 47, 49, 50, 51, 52, 53, 54, 56, 57, 66, 68, 71, 74, 75, 76, 77, 78, 80, 81, 83, 85, 87, 88, 89, 91, 94, 98]
Acertos:
17

JOGO NUMERO: 1011
Sorteio
[0, 1, 2, 22, 24, 27, 32, 35, 40, 41, 51, 57, 62, 63, 68, 71, 75, 80, 85, 87]
Bilhete:
[0, 1, 2, 6, 10, 13, 14, 16, 22, 24, 26, 27, 28, 29, 32, 34, 35, 38, 40, 41, 42, 44, 45, 46, 49, 51, 55, 56, 61, 64, 65, 67, 69, 73, 75, 78, 79, 80, 81, 82, 85, 87, 89, 90, 91, 92, 95, 96, 97, 98]
Acertos:
15

JOGO NUMERO: 1063
Sorteio
[0, 1, 2, 22, 24, 27, 32, 35, 40, 41, 51, 57, 62, 63, 68, 71, 75, 80, 85, 87]
Bilhete:
[0, 2, 5, 8, 9, 14, 16, 19, 20, 22, 25, 32, 34, 35, 40, 41, 42, 43, 47, 49, 51, 52, 54, 55, 56, 57, 61, 62, 63, 64, 67, 68, 70, 71, 72, 73, 76, 77, 80, 81, 82, 84, 86, 87, 88, 92, 93, 95, 97, 98]
Acertos:
15

JOGO NUMERO: 1277
Sorteio
[0, 1, 2, 22, 24, 27, 32, 35, 40, 41, 51, 57, 62, 63, 68, 71, 75, 80, 85, 87]
Bilhete:
[1, 2, 3, 5, 11, 12, 14, 15, 16, 18, 19, 21, 22, 24, 26, 30, 31, 33, 35, 39, 40, 42, 45, 49, 56, 57, 59, 62, 63, 64, 65, 66, 68, 70, 71, 72, 75, 76, 77, 79, 80, 81, 82, 85, 87, 88, 91, 92, 93, 95]
Acertos:
15

JOGO NUMERO: 1435
Sorteio
[0, 1, 2, 22, 24, 27, 32, 35, 40, 41, 51, 57, 62, 63, 68, 71, 75, 80, 85, 87]
Bilhete:
[2, 3, 5, 6, 7, 9, 14, 15, 16, 17, 18, 19, 20, 21, 24, 25, 28, 30, 31, 32, 34, 35, 39, 40, 41, 42, 48, 51, 52, 54, 55, 57, 59, 60, 61, 62, 68, 70, 71, 73, 74, 75, 77, 80, 81, 84, 85, 87, 92, 94]
Acertos:
15

JOGO NUMERO: 1786
Sorteio
[0, 1, 2, 22, 24, 27, 32, 35, 40, 41, 51, 57, 62, 63, 68, 71, 75, 80, 85, 87]
Bilhete:
[0, 1, 2, 3, 7, 9, 11, 14, 16, 18, 19, 20, 24, 26, 27, 29, 30, 31, 32, 34, 35, 38, 39, 40, 41, 45, 46, 47, 49, 50, 56, 57, 59, 61, 62, 63, 69, 70, 71, 75, 76, 77, 80, 85, 88, 90, 92, 94, 95, 96]
Acertos:
16

JOGO NUMERO: 1834
Sorteio
[0, 1, 2, 22, 24, 27, 32, 35, 40, 41, 51, 57, 62, 63, 68, 71, 75, 80, 85, 87]
Bilhete:
[0, 2, 7, 10, 12, 14, 19, 20, 21, 24, 25, 26, 27, 31, 32, 35, 36, 38, 39, 40, 41, 44, 45, 48, 50, 51, 52, 55, 58, 60, 61, 62, 63, 66, 67, 68, 69, 70, 71, 72, 74, 82, 85, 86, 87, 89, 90, 91, 93, 98]
Acertos:
15

JOGO NUMERO: 1893
Sorteio
[0, 1, 2, 22, 24, 27, 32, 35, 40, 41, 51, 57, 62, 63, 68, 71, 75, 80, 85, 87]
Bilhete:
[0, 1, 3, 5, 8, 19, 20, 23, 24, 25, 27, 29, 30, 34, 35, 37, 38, 39, 40, 42, 44, 47, 48, 51, 54, 57, 58, 60, 61, 62, 63, 64, 67, 68, 71, 73, 74, 78, 79, 80, 82, 85, 86, 87, 91, 92, 93, 95, 98, 99]
Acertos:
15

JOGO NUMERO: 2035
Sorteio
[0, 1, 2, 22, 24, 27, 32, 35, 40, 41, 51, 57, 62, 63, 68, 71, 75, 80, 85, 87]
Bilhete:
[2, 3, 4, 7, 8, 9, 10, 11, 14, 15, 16, 20, 24, 26, 27, 28, 31, 32, 33, 35, 37, 40, 42, 43, 45, 47, 48, 51, 52, 54, 57, 61, 62, 64, 67, 68, 71, 73, 75, 77, 80, 82, 84, 85, 87, 92, 93, 94, 95, 97]
Acertos:
15

JOGO NUMERO: 2225
Sorteio
[0, 1, 2, 22, 24, 27, 32, 35, 40, 41, 51, 57, 62, 63, 68, 71, 75, 80, 85, 87]
Bilhete:
[0, 1, 2, 3, 4, 7, 8, 10, 11, 15, 17, 24, 25, 27, 29, 33, 39, 40, 41, 42, 43, 44, 50, 51, 52, 54, 55, 56, 57, 59, 60, 62, 64, 66, 68, 70, 71, 75, 76, 77, 78, 79, 80, 82, 83, 86, 87, 91, 93, 98]
Acertos:
15

JOGO NUMERO: 2357
Sorteio
[0, 1, 2, 22, 24, 27, 32, 35, 40, 41, 51, 57, 62, 63, 68, 71, 75, 80, 85, 87]
Bilhete:
[0, 1, 3, 4, 13, 14, 16, 19, 20, 21, 22, 24, 26, 27, 31, 32, 34, 35, 36, 38, 41, 45, 47, 48, 49, 51, 52, 56, 57, 58, 61, 63, 64, 65, 67, 68, 69, 71, 75, 76, 77, 78, 79, 87, 91, 92, 94, 95, 96, 98]
Acertos:
15

JOGO NUMERO: 2482
Sorteio
[0, 1, 2, 22, 24, 27, 32, 35, 40, 41, 51, 57, 62, 63, 68, 71, 75, 80, 85, 87]
Bilhete:
[0, 1, 5, 6, 12, 13, 15, 19, 21, 22, 27, 30, 31, 33, 35, 38, 39, 40, 41, 43, 51, 52, 53, 54, 55, 56, 57, 59, 60, 62, 63, 65, 66, 71, 73, 75, 77, 79, 80, 83, 84, 86, 87, 88, 89, 91, 92, 95, 96, 99]
Acertos:
15

JOGO NUMERO: 2532
Sorteio
[0, 1, 2, 22, 24, 27, 32, 35, 40, 41, 51, 57, 62, 63, 68, 71, 75, 80, 85, 87]
Bilhete:
[2, 3, 7, 8, 11, 14, 15, 16, 21, 22, 23, 24, 25, 26, 29, 30, 32, 34, 35, 37, 40, 41, 42, 50, 52, 54, 57, 59, 60, 63, 67, 68, 69, 70, 71, 72, 73, 74, 75, 77, 80, 81, 84, 85, 87, 88, 89, 90, 93, 97]
Acertos:
15

JOGO NUMERO: 2578
Sorteio
[0, 1, 2, 22, 24, 27, 32, 35, 40, 41, 51, 57, 62, 63, 68, 71, 75, 80, 85, 87]
Bilhete:
[1, 2, 7, 8, 9, 10, 11, 12, 14, 21, 22, 24, 25, 27, 28, 29, 31, 32, 33, 36, 38, 39, 40, 41, 43, 45, 46, 50, 55, 56, 57, 61, 62, 63, 67, 68, 71, 72, 74, 75, 76, 80, 81, 85, 86, 87, 90, 91, 98, 99]
Acertos:
17

JOGO NUMERO: 2672
Sorteio
[0, 1, 2, 22, 24, 27, 32, 35, 40, 41, 51, 57, 62, 63, 68, 71, 75, 80, 85, 87]
Bilhete:
[0, 1, 3, 6, 13, 14, 16, 18, 20, 22, 23, 27, 30, 31, 32, 33, 35, 41, 43, 44, 46, 47, 51, 53, 54, 57, 59, 60, 61, 62, 65, 68, 69, 70, 71, 72, 74, 75, 81, 82, 85, 86, 87, 88, 90, 93, 94, 97, 98, 99]
Acertos:
15

JOGO NUMERO: 2697
Sorteio
[0, 1, 2, 22, 24, 27, 32, 35, 40, 41, 51, 57, 62, 63, 68, 71, 75, 80, 85, 87]
Bilhete:
[1, 2, 4, 5, 11, 13, 16, 17, 19, 22, 24, 26, 27, 29, 30, 31, 32, 34, 35, 36, 37, 39, 40, 41, 42, 44, 47, 48, 49, 51, 60, 62, 63, 64, 67, 68, 70, 71, 73, 78, 82, 83, 86, 87, 91, 92, 93, 94, 97, 99]
Acertos:
15

JOGO NUMERO: 2797
Sorteio
[0, 1, 2, 22, 24, 27, 32, 35, 40, 41, 51, 57, 62, 63, 68, 71, 75, 80, 85, 87]
Bilhete:
[0, 1, 4, 9, 13, 15, 16, 18, 19, 21, 22, 25, 32, 33, 34, 35, 37, 38, 40, 41, 45, 47, 48, 49, 51, 54, 55, 59, 61, 62, 64, 67, 68, 71, 73, 75, 76, 79, 80, 81, 83, 84, 85, 87, 89, 92, 94, 95, 96, 98]
Acertos:
15

JOGO NUMERO: 2857
Sorteio
[0, 1, 2, 22, 24, 27, 32, 35, 40, 41, 51, 57, 62, 63, 68, 71, 75, 80, 85, 87]
Bilhete:
[0, 1, 2, 3, 4, 5, 10, 12, 18, 19, 23, 24, 25, 27, 28, 29, 37, 38, 39, 40, 41, 42, 44, 48, 49, 50, 51, 52, 54, 60, 61, 62, 63, 64, 67, 68, 71, 73, 75, 78, 80, 82, 83, 85, 91, 92, 94, 95, 96, 99]
Acertos:
15

JOGO NUMERO: 2909
Sorteio
[0, 1, 2, 22, 24, 27, 32, 35, 40, 41, 51, 57, 62, 63, 68, 71, 75, 80, 85, 87]
Bilhete:
[1, 2, 3, 6, 8, 9, 14, 19, 22, 23, 26, 29, 32, 35, 36, 37, 39, 40, 44, 49, 50, 52, 53, 56, 57, 58, 60, 62, 63, 64, 68, 69, 70, 71, 74, 75, 76, 78, 79, 80, 81, 83, 84, 85, 86, 87, 88, 91, 92, 97]
Acertos:
15

JOGO NUMERO: 2976
Sorteio
[0, 1, 2, 22, 24, 27, 32, 35, 40, 41, 51, 57, 62, 63, 68, 71, 75, 80, 85, 87]
Bilhete:
[1, 2, 7, 8, 12, 13, 15, 16, 17, 18, 22, 24, 26, 27, 28, 29, 31, 32, 33, 34, 35, 38, 39, 40, 41, 47, 50, 51, 53, 54, 57, 58, 60, 62, 65, 69, 70, 71, 72, 73, 75, 76, 77, 79, 80, 84, 88, 94, 95, 98]
Acertos:
15

JOGO NUMERO: 3050
Sorteio
[0, 1, 2, 22, 24, 27, 32, 35, 40, 41, 51, 57, 62, 63, 68, 71, 75, 80, 85, 87]
Bilhete:
[1, 4, 6, 8, 10, 13, 14, 15, 20, 24, 25, 26, 27, 29, 33, 34, 36, 40, 41, 44, 46, 51, 52, 55, 56, 57, 58, 59, 60, 62, 63, 64, 68, 69, 70, 71, 72, 75, 80, 81, 82, 84, 85, 86, 87, 92, 94, 95, 98, 99]
Acertos:
15

JOGO NUMERO: 3093
Sorteio
[0, 1, 2, 22, 24, 27, 32, 35, 40, 41, 51, 57, 62, 63, 68, 71, 75, 80, 85, 87]
Bilhete:
[0, 1, 2, 5, 6, 9, 12, 13, 17, 18, 22, 24, 25, 29, 32, 34, 36, 37, 40, 46, 47, 51, 52, 53, 56, 57, 61, 63, 64, 65, 66, 67, 68, 69, 73, 75, 77, 80, 81, 84, 85, 86, 87, 89, 90, 93, 94, 95, 97, 99]
Acertos:
15

JOGO NUMERO: 3308
Sorteio
[0, 1, 2, 22, 24, 27, 32, 35, 40, 41, 51, 57, 62, 63, 68, 71, 75, 80, 85, 87]
Bilhete:
[2, 3, 8, 9, 13, 14, 17, 20, 22, 23, 25, 27, 28, 29, 30, 31, 32, 34, 35, 39, 41, 42, 43, 46, 50, 51, 52, 53, 57, 58, 59, 60, 61, 62, 63, 68, 69, 71, 73, 76, 80, 82, 85, 86, 87, 88, 93, 94, 95, 96]
Acertos:
15

JOGO NUMERO: 3315
Sorteio
[0, 1, 2, 22, 24, 27, 32, 35, 40, 41, 51, 57, 62, 63, 68, 71, 75, 80, 85, 87]
Bilhete:
[0, 1, 5, 6, 7, 9, 11, 17, 18, 19, 21, 22, 23, 24, 25, 27, 28, 30, 32, 33, 35, 38, 44, 46, 47, 48, 49, 51, 52, 53, 56, 57, 58, 59, 63, 68, 71, 74, 75, 77, 78, 79, 82, 85, 86, 87, 88, 89, 95, 99]
Acertos:
15

JOGO NUMERO: 3380
Sorteio
[0, 1, 2, 22, 24, 27, 32, 35, 40, 41, 51, 57, 62, 63, 68, 71, 75, 80, 85, 87]
Bilhete:
[0, 1, 3, 4, 6, 8, 10, 13, 14, 15, 20, 22, 24, 25, 26, 27, 30, 31, 32, 33, 35, 37, 41, 44, 47, 50, 51, 62, 63, 64, 65, 66, 67, 68, 69, 71, 73, 74, 75, 77, 79, 80, 81, 82, 83, 84, 88, 89, 91, 92]
Acertos:
15

JOGO NUMERO: 3392
Sorteio
[0, 1, 2, 22, 24, 27, 32, 35, 40, 41, 51, 57, 62, 63, 68, 71, 75, 80, 85, 87]
Bilhete:
[0, 2, 3, 4, 7, 8, 10, 12, 16, 18, 21, 24, 27, 28, 30, 32, 34, 35, 36, 39, 41, 43, 45, 47, 48, 51, 52, 55, 58, 62, 63, 64, 66, 68, 69, 70, 71, 72, 74, 75, 76, 78, 82, 83, 85, 87, 91, 92, 95, 96]
Acertos:
15

JOGO NUMERO: 3443
Sorteio
[0, 1, 2, 22, 24, 27, 32, 35, 40, 41, 51, 57, 62, 63, 68, 71, 75, 80, 85, 87]
Bilhete:
[1, 2, 4, 6, 8, 9, 10, 11, 13, 14, 17, 20, 21, 22, 24, 25, 27, 30, 31, 32, 34, 35, 39, 40, 42, 43, 46, 48, 49, 50, 53, 55, 57, 59, 63, 64, 66, 68, 75, 76, 78, 79, 80, 81, 82, 85, 87, 91, 96, 97]
Acertos:
15

JOGO NUMERO: 3506
Sorteio
[0, 1, 2, 22, 24, 27, 32, 35, 40, 41, 51, 57, 62, 63, 68, 71, 75, 80, 85, 87]
Bilhete:
[0, 1, 2, 4, 6, 7, 15, 16, 20, 21, 24, 25, 27, 29, 35, 36, 39, 40, 41, 42, 44, 48, 49, 50, 57, 61, 63, 66, 67, 70, 71, 73, 74, 75, 77, 78, 79, 80, 81, 83, 85, 86, 87, 93, 94, 95, 96, 97, 98, 99]
Acertos:
15

JOGO NUMERO: 3522
Sorteio
[0, 1, 2, 22, 24, 27, 32, 35, 40, 41, 51, 57, 62, 63, 68, 71, 75, 80, 85, 87]
Bilhete:
[0, 1, 2, 3, 5, 6, 7, 13, 14, 15, 16, 18, 20, 26, 27, 32, 34, 35, 41, 44, 45, 47, 51, 53, 55, 57, 60, 61, 64, 65, 67, 68, 69, 71, 72, 73, 74, 75, 76, 77, 78, 80, 81, 84, 85, 87, 94, 95, 96, 97]
Acertos:
15

JOGO NUMERO: 3778
Sorteio
[0, 1, 2, 22, 24, 27, 32, 35, 40, 41, 51, 57, 62, 63, 68, 71, 75, 80, 85, 87]
Bilhete:
[1, 5, 6, 7, 8, 10, 20, 24, 26, 27, 31, 32, 34, 35, 36, 38, 40, 41, 43, 44, 45, 46, 50, 51, 53, 55, 59, 61, 62, 63, 66, 67, 68, 69, 70, 72, 73, 75, 76, 77, 78, 80, 82, 85, 87, 89, 90, 94, 95, 96]
Acertos:
15

JOGO NUMERO: 3800
Sorteio
[0, 1, 2, 22, 24, 27, 32, 35, 40, 41, 51, 57, 62, 63, 68, 71, 75, 80, 85, 87]
Bilhete:
[0, 1, 2, 3, 5, 6, 7, 10, 11, 12, 15, 17, 20, 22, 24, 27, 32, 34, 35, 37, 39, 40, 44, 45, 48, 49, 50, 53, 60, 62, 63, 66, 67, 70, 71, 73, 75, 76, 77, 80, 81, 82, 84, 87, 88, 92, 95, 96, 97, 98]
Acertos:
15

JOGO NUMERO: 3917
Sorteio
[0, 1, 2, 22, 24, 27, 32, 35, 40, 41, 51, 57, 62, 63, 68, 71, 75, 80, 85, 87]
Bilhete:
[0, 1, 9, 10, 13, 17, 21, 22, 23, 24, 29, 30, 32, 34, 38, 39, 40, 41, 43, 45, 47, 48, 49, 51, 52, 57, 62, 63, 64, 65, 66, 67, 69, 70, 71, 72, 73, 75, 76, 80, 85, 86, 87, 88, 91, 93, 94, 96, 97, 99]
Acertos:
16

JOGO NUMERO: 3946
Sorteio
[0, 1, 2, 22, 24, 27, 32, 35, 40, 41, 51, 57, 62, 63, 68, 71, 75, 80, 85, 87]
Bilhete:
[0, 1, 2, 3, 9, 10, 11, 13, 15, 17, 18, 19, 20, 21, 24, 25, 26, 27, 30, 34, 37, 39, 40, 41, 42, 43, 44, 45, 46, 47, 51, 52, 54, 55, 57, 58, 62, 64, 68, 69, 71, 75, 76, 85, 87, 88, 89, 92, 95, 96]
Acertos:
15

JOGO NUMERO: 3980
Sorteio
[0, 1, 2, 22, 24, 27, 32, 35, 40, 41, 51, 57, 62, 63, 68, 71, 75, 80, 85, 87]
Bilhete:
[1, 2, 3, 6, 8, 9, 19, 20, 22, 23, 24, 25, 27, 30, 32, 33, 35, 37, 41, 42, 45, 46, 47, 49, 51, 52, 57, 61, 62, 63, 64, 65, 67, 74, 75, 76, 78, 80, 82, 83, 84, 85, 86, 88, 89, 93, 94, 95, 96, 98]
Acertos:
15

JOGO NUMERO: 4232
Sorteio
[0, 1, 2, 22, 24, 27, 32, 35, 40, 41, 51, 57, 62, 63, 68, 71, 75, 80, 85, 87]
Bilhete:
[1, 7, 8, 10, 17, 19, 22, 25, 28, 30, 32, 33, 34, 37, 40, 41, 42, 44, 50, 51, 53, 57, 58, 59, 62, 63, 66, 68, 69, 71, 72, 73, 75, 76, 77, 80, 81, 83, 84, 85, 86, 87, 89, 91, 93, 95, 96, 97, 98, 99]
Acertos:
15

JOGO NUMERO: 4246
Sorteio
[0, 1, 2, 22, 24, 27, 32, 35, 40, 41, 51, 57, 62, 63, 68, 71, 75, 80, 85, 87]
Bilhete:
[0, 1, 2, 3, 4, 5, 6, 7, 9, 11, 15, 19, 21, 22, 23, 24, 25, 27, 28, 31, 32, 34, 35, 36, 40, 46, 47, 48, 50, 51, 57, 58, 64, 65, 72, 73, 75, 77, 80, 82, 84, 85, 86, 87, 88, 89, 90, 91, 94, 96]
Acertos:
15

JOGO NUMERO: 4287
Sorteio
[0, 1, 2, 22, 24, 27, 32, 35, 40, 41, 51, 57, 62, 63, 68, 71, 75, 80, 85, 87]
Bilhete:
[0, 1, 2, 9, 11, 12, 15, 20, 22, 23, 25, 27, 28, 30, 32, 33, 34, 37, 40, 41, 43, 46, 49, 51, 56, 59, 62, 63, 64, 65, 71, 72, 73, 74, 75, 78, 80, 82, 83, 85, 86, 89, 91, 92, 93, 94, 95, 97, 98, 99]
Acertos:
15
