
JOGO NUMERO: 36
Sorteio
[6, 12, 14, 19, 29, 31, 33, 41, 48, 50, 52, 53, 64, 65, 71, 79, 80, 85, 93, 98]
Bilhete:
[0, 3, 4, 5, 6, 7, 8, 12, 14, 16, 18, 19, 24, 29, 31, 36, 39, 41, 45, 48, 50, 53, 54, 55, 56, 59, 62, 65, 69, 70, 72, 74, 75, 77, 78, 79, 82, 84, 85, 86, 87, 89, 90, 92, 93, 94, 95, 97, 98, 99]
Acertos:
15

JOGO NUMERO: 43
Sorteio
[6, 12, 14, 19, 29, 31, 33, 41, 48, 50, 52, 53, 64, 65, 71, 79, 80, 85, 93, 98]
Bilhete:
[2, 3, 6, 8, 9, 13, 14, 15, 19, 24, 25, 26, 27, 28, 29, 30, 31, 33, 34, 38, 40, 41, 42, 50, 51, 52, 53, 54, 58, 59, 60, 64, 65, 67, 71, 72, 74, 78, 81, 86, 88, 89, 90, 93, 94, 95, 96, 97, 98, 99]
Acertos:
15

JOGO NUMERO: 52
Sorteio
[6, 12, 14, 19, 29, 31, 33, 41, 48, 50, 52, 53, 64, 65, 71, 79, 80, 85, 93, 98]
Bilhete:
[3, 4, 8, 12, 14, 15, 16, 17, 18, 19, 20, 21, 28, 33, 34, 36, 40, 41, 45, 47, 48, 50, 51, 52, 53, 55, 56, 58, 59, 60, 62, 64, 65, 66, 67, 68, 69, 71, 73, 76, 77, 80, 81, 85, 89, 91, 92, 93, 94, 97]
Acertos:
15
