
JOGO NUMERO: 10
Sorteio
[3, 5, 13, 16, 20, 21, 28, 34, 35, 36, 42, 45, 57, 58, 68, 80, 83, 85, 94, 98]
Bilhete:
[1, 3, 5, 8, 9, 11, 12, 13, 15, 16, 17, 19, 20, 21, 25, 27, 28, 30, 31, 33, 36, 37, 38, 40, 43, 45, 46, 47, 50, 54, 55, 56, 58, 59, 61, 64, 68, 71, 72, 73, 75, 78, 80, 81, 83, 88, 89, 94, 97, 98]
Acertos:
15

JOGO NUMERO: 56
Sorteio
[3, 5, 13, 16, 20, 21, 28, 34, 35, 36, 42, 45, 57, 58, 68, 80, 83, 85, 94, 98]
Bilhete:
[1, 3, 4, 5, 7, 8, 9, 10, 13, 16, 17, 18, 19, 20, 21, 22, 27, 28, 35, 36, 37, 39, 41, 42, 44, 45, 48, 49, 50, 52, 53, 57, 58, 59, 60, 61, 65, 66, 73, 74, 76, 80, 81, 87, 88, 89, 91, 92, 94, 96]
Acertos:
15

JOGO NUMERO: 77
Sorteio
[3, 5, 13, 16, 20, 21, 28, 34, 35, 36, 42, 45, 57, 58, 68, 80, 83, 85, 94, 98]
Bilhete:
[0, 2, 3, 5, 6, 8, 13, 14, 16, 17, 18, 19, 20, 21, 25, 26, 27, 28, 29, 31, 33, 42, 43, 44, 45, 46, 49, 50, 52, 54, 56, 57, 59, 60, 61, 64, 68, 73, 74, 77, 78, 80, 84, 85, 87, 91, 92, 94, 97, 98]
Acertos:
15

JOGO NUMERO: 216
Sorteio
[3, 5, 13, 16, 20, 21, 28, 34, 35, 36, 42, 45, 57, 58, 68, 80, 83, 85, 94, 98]
Bilhete:
[0, 2, 3, 4, 5, 6, 7, 12, 13, 16, 17, 20, 23, 24, 27, 28, 30, 34, 35, 36, 38, 41, 44, 46, 50, 51, 54, 55, 56, 57, 58, 59, 62, 64, 65, 66, 74, 76, 79, 80, 81, 85, 86, 87, 88, 92, 94, 96, 97, 98]
Acertos:
15
