
JOGO NUMERO: 82
Sorteio
[7, 15, 24, 27, 39, 40, 42, 45, 47, 48, 58, 61, 67, 71, 72, 74, 81, 88, 92, 94]
Bilhete:
[0, 1, 2, 5, 7, 9, 15, 18, 22, 25, 28, 33, 34, 35, 36, 38, 39, 40, 44, 45, 46, 47, 48, 51, 58, 59, 61, 62, 64, 65, 66, 69, 70, 71, 72, 74, 75, 78, 81, 83, 84, 85, 86, 87, 90, 92, 94, 95, 98, 99]
Acertos:
15

JOGO NUMERO: 227
Sorteio
[7, 15, 24, 27, 39, 40, 42, 45, 47, 48, 58, 61, 67, 71, 72, 74, 81, 88, 92, 94]
Bilhete:
[2, 4, 5, 7, 10, 12, 13, 16, 22, 24, 25, 26, 27, 28, 29, 30, 34, 38, 39, 40, 42, 49, 50, 51, 53, 59, 60, 61, 63, 65, 67, 71, 72, 74, 75, 76, 78, 79, 81, 83, 85, 87, 88, 90, 92, 93, 94, 95, 96, 97]
Acertos:
15

JOGO NUMERO: 498
Sorteio
[7, 15, 24, 27, 39, 40, 42, 45, 47, 48, 58, 61, 67, 71, 72, 74, 81, 88, 92, 94]
Bilhete:
[2, 5, 7, 8, 10, 11, 13, 15, 18, 20, 22, 23, 24, 27, 28, 30, 33, 34, 35, 36, 39, 44, 45, 48, 50, 56, 58, 59, 60, 61, 62, 63, 64, 66, 67, 70, 71, 72, 74, 76, 77, 79, 83, 88, 92, 93, 94, 96, 98, 99]
Acertos:
16

JOGO NUMERO: 573
Sorteio
[7, 15, 24, 27, 39, 40, 42, 45, 47, 48, 58, 61, 67, 71, 72, 74, 81, 88, 92, 94]
Bilhete:
[0, 1, 2, 3, 5, 6, 7, 8, 9, 10, 11, 15, 20, 24, 27, 28, 32, 39, 40, 42, 44, 46, 47, 55, 58, 59, 61, 62, 66, 67, 68, 71, 72, 73, 76, 77, 78, 79, 80, 81, 82, 83, 84, 85, 87, 88, 90, 92, 93, 97]
Acertos:
16

JOGO NUMERO: 621
Sorteio
[7, 15, 24, 27, 39, 40, 42, 45, 47, 48, 58, 61, 67, 71, 72, 74, 81, 88, 92, 94]
Bilhete:
[0, 1, 4, 5, 9, 12, 15, 18, 21, 23, 25, 27, 28, 32, 38, 39, 40, 42, 43, 45, 46, 47, 48, 50, 51, 52, 56, 58, 59, 61, 62, 65, 66, 67, 68, 70, 72, 73, 75, 76, 78, 79, 80, 81, 82, 84, 86, 88, 94, 99]
Acertos:
15

JOGO NUMERO: 688
Sorteio
[7, 15, 24, 27, 39, 40, 42, 45, 47, 48, 58, 61, 67, 71, 72, 74, 81, 88, 92, 94]
Bilhete:
[2, 3, 5, 7, 13, 14, 15, 20, 22, 23, 24, 29, 32, 34, 35, 39, 40, 41, 44, 45, 47, 50, 54, 58, 59, 61, 65, 66, 67, 68, 69, 71, 72, 74, 75, 76, 77, 80, 81, 83, 84, 85, 86, 88, 90, 91, 92, 93, 95, 97]
Acertos:
16

JOGO NUMERO: 931
Sorteio
[7, 15, 24, 27, 39, 40, 42, 45, 47, 48, 58, 61, 67, 71, 72, 74, 81, 88, 92, 94]
Bilhete:
[3, 8, 11, 12, 14, 16, 18, 21, 22, 24, 25, 27, 29, 30, 31, 32, 34, 35, 36, 37, 38, 39, 40, 42, 43, 45, 46, 47, 48, 51, 52, 56, 57, 58, 61, 62, 65, 68, 71, 72, 74, 75, 77, 78, 81, 82, 86, 90, 94, 97]
Acertos:
15

JOGO NUMERO: 946
Sorteio
[7, 15, 24, 27, 39, 40, 42, 45, 47, 48, 58, 61, 67, 71, 72, 74, 81, 88, 92, 94]
Bilhete:
[3, 4, 7, 10, 13, 14, 15, 16, 20, 21, 22, 24, 32, 33, 35, 38, 39, 40, 41, 42, 45, 46, 49, 52, 53, 54, 56, 58, 61, 64, 65, 67, 69, 71, 72, 74, 75, 76, 78, 79, 81, 82, 83, 84, 87, 89, 92, 96, 97, 99]
Acertos:
15

JOGO NUMERO: 1026
Sorteio
[7, 15, 24, 27, 39, 40, 42, 45, 47, 48, 58, 61, 67, 71, 72, 74, 81, 88, 92, 94]
Bilhete:
[3, 7, 8, 9, 11, 13, 15, 16, 17, 21, 24, 27, 29, 34, 35, 39, 40, 41, 42, 44, 46, 47, 48, 49, 52, 53, 54, 58, 59, 60, 61, 62, 64, 66, 71, 73, 77, 78, 79, 80, 81, 83, 86, 87, 89, 91, 92, 93, 94, 98]
Acertos:
15

JOGO NUMERO: 1061
Sorteio
[7, 15, 24, 27, 39, 40, 42, 45, 47, 48, 58, 61, 67, 71, 72, 74, 81, 88, 92, 94]
Bilhete:
[3, 7, 12, 15, 17, 20, 21, 24, 26, 29, 30, 32, 34, 35, 37, 40, 41, 42, 43, 44, 45, 46, 47, 50, 51, 52, 53, 57, 58, 61, 62, 65, 67, 68, 70, 71, 72, 73, 74, 76, 80, 84, 86, 88, 90, 91, 93, 94, 96, 98]
Acertos:
15

JOGO NUMERO: 1073
Sorteio
[7, 15, 24, 27, 39, 40, 42, 45, 47, 48, 58, 61, 67, 71, 72, 74, 81, 88, 92, 94]
Bilhete:
[3, 7, 8, 10, 11, 13, 14, 15, 18, 23, 24, 27, 30, 33, 36, 39, 42, 45, 46, 49, 50, 51, 52, 53, 54, 58, 59, 60, 61, 62, 64, 65, 67, 69, 70, 71, 72, 74, 75, 77, 78, 82, 87, 89, 90, 91, 92, 93, 94, 95]
Acertos:
15

JOGO NUMERO: 1300
Sorteio
[7, 15, 24, 27, 39, 40, 42, 45, 47, 48, 58, 61, 67, 71, 72, 74, 81, 88, 92, 94]
Bilhete:
[0, 3, 8, 9, 11, 12, 15, 16, 19, 20, 23, 26, 27, 28, 29, 33, 38, 39, 42, 44, 45, 47, 55, 56, 58, 59, 60, 61, 62, 64, 65, 67, 68, 69, 70, 71, 72, 73, 74, 77, 78, 80, 81, 84, 85, 87, 89, 92, 94, 96]
Acertos:
15

JOGO NUMERO: 1354
Sorteio
[7, 15, 24, 27, 39, 40, 42, 45, 47, 48, 58, 61, 67, 71, 72, 74, 81, 88, 92, 94]
Bilhete:
[0, 2, 3, 4, 5, 8, 10, 12, 13, 14, 15, 16, 20, 23, 24, 25, 26, 27, 40, 42, 45, 46, 47, 51, 52, 55, 57, 58, 64, 65, 66, 67, 68, 70, 71, 72, 73, 74, 77, 78, 80, 82, 83, 85, 86, 88, 90, 92, 94, 96]
Acertos:
15

JOGO NUMERO: 1481
Sorteio
[7, 15, 24, 27, 39, 40, 42, 45, 47, 48, 58, 61, 67, 71, 72, 74, 81, 88, 92, 94]
Bilhete:
[1, 3, 7, 9, 14, 16, 17, 19, 27, 29, 30, 32, 33, 34, 35, 37, 38, 39, 40, 42, 44, 47, 48, 49, 50, 51, 52, 54, 58, 61, 62, 63, 64, 65, 66, 67, 68, 69, 70, 72, 74, 75, 79, 81, 85, 88, 92, 93, 97, 99]
Acertos:
15

JOGO NUMERO: 1496
Sorteio
[7, 15, 24, 27, 39, 40, 42, 45, 47, 48, 58, 61, 67, 71, 72, 74, 81, 88, 92, 94]
Bilhete:
[0, 7, 11, 12, 15, 16, 17, 22, 24, 25, 28, 29, 30, 33, 34, 35, 39, 40, 41, 42, 45, 46, 47, 48, 50, 52, 53, 55, 56, 57, 58, 59, 60, 61, 62, 63, 66, 70, 71, 73, 83, 86, 88, 91, 92, 93, 94, 95, 97, 99]
Acertos:
15

JOGO NUMERO: 1701
Sorteio
[7, 15, 24, 27, 39, 40, 42, 45, 47, 48, 58, 61, 67, 71, 72, 74, 81, 88, 92, 94]
Bilhete:
[1, 2, 5, 6, 7, 8, 10, 11, 12, 14, 17, 19, 24, 26, 27, 35, 36, 38, 39, 40, 42, 44, 45, 47, 48, 49, 50, 58, 61, 62, 64, 65, 68, 69, 70, 71, 72, 73, 74, 75, 80, 81, 82, 83, 85, 87, 89, 90, 91, 93]
Acertos:
15

JOGO NUMERO: 1760
Sorteio
[7, 15, 24, 27, 39, 40, 42, 45, 47, 48, 58, 61, 67, 71, 72, 74, 81, 88, 92, 94]
Bilhete:
[1, 3, 5, 7, 10, 13, 14, 15, 17, 20, 21, 24, 26, 27, 28, 29, 31, 37, 39, 41, 45, 46, 47, 50, 52, 53, 58, 59, 64, 67, 68, 71, 72, 73, 74, 76, 78, 79, 81, 82, 84, 86, 87, 89, 91, 92, 93, 94, 95, 98]
Acertos:
15

JOGO NUMERO: 1942
Sorteio
[7, 15, 24, 27, 39, 40, 42, 45, 47, 48, 58, 61, 67, 71, 72, 74, 81, 88, 92, 94]
Bilhete:
[2, 3, 5, 6, 7, 10, 11, 16, 18, 19, 20, 21, 22, 23, 24, 30, 32, 33, 34, 37, 39, 42, 43, 44, 45, 47, 48, 51, 56, 58, 59, 60, 61, 62, 66, 67, 68, 72, 73, 74, 77, 78, 79, 84, 85, 88, 92, 94, 95, 99]
Acertos:
15

JOGO NUMERO: 1966
Sorteio
[7, 15, 24, 27, 39, 40, 42, 45, 47, 48, 58, 61, 67, 71, 72, 74, 81, 88, 92, 94]
Bilhete:
[2, 4, 6, 10, 11, 13, 15, 17, 21, 22, 24, 27, 28, 29, 31, 32, 34, 39, 41, 42, 44, 45, 48, 50, 51, 54, 55, 58, 60, 62, 64, 67, 68, 69, 70, 71, 72, 74, 75, 76, 80, 81, 83, 84, 85, 88, 92, 94, 97, 99]
Acertos:
16

JOGO NUMERO: 2034
Sorteio
[7, 15, 24, 27, 39, 40, 42, 45, 47, 48, 58, 61, 67, 71, 72, 74, 81, 88, 92, 94]
Bilhete:
[2, 7, 9, 10, 11, 12, 13, 15, 16, 19, 20, 24, 25, 27, 28, 29, 30, 34, 35, 37, 40, 42, 43, 44, 45, 50, 52, 56, 58, 61, 63, 67, 69, 70, 71, 72, 79, 80, 81, 82, 83, 85, 88, 89, 90, 92, 94, 97, 98, 99]
Acertos:
16

JOGO NUMERO: 2035
Sorteio
[7, 15, 24, 27, 39, 40, 42, 45, 47, 48, 58, 61, 67, 71, 72, 74, 81, 88, 92, 94]
Bilhete:
[0, 5, 6, 7, 10, 11, 12, 15, 17, 24, 28, 30, 34, 35, 36, 39, 40, 45, 46, 47, 48, 49, 51, 53, 56, 57, 61, 63, 66, 67, 68, 69, 72, 73, 74, 75, 78, 79, 81, 82, 83, 85, 86, 87, 88, 90, 92, 94, 95, 98]
Acertos:
16

JOGO NUMERO: 2091
Sorteio
[7, 15, 24, 27, 39, 40, 42, 45, 47, 48, 58, 61, 67, 71, 72, 74, 81, 88, 92, 94]
Bilhete:
[2, 3, 4, 8, 9, 11, 13, 14, 15, 17, 18, 20, 21, 22, 24, 26, 27, 28, 31, 32, 33, 36, 39, 42, 45, 46, 47, 57, 58, 59, 61, 64, 67, 68, 69, 70, 71, 74, 79, 82, 84, 85, 86, 87, 88, 92, 94, 96, 98, 99]
Acertos:
15

JOGO NUMERO: 2119
Sorteio
[7, 15, 24, 27, 39, 40, 42, 45, 47, 48, 58, 61, 67, 71, 72, 74, 81, 88, 92, 94]
Bilhete:
[0, 1, 4, 7, 8, 12, 13, 15, 17, 19, 20, 22, 24, 25, 27, 29, 30, 31, 33, 34, 36, 39, 40, 45, 46, 47, 48, 49, 54, 55, 56, 62, 63, 67, 71, 73, 74, 78, 80, 81, 82, 84, 85, 86, 88, 89, 92, 96, 97, 98]
Acertos:
15

JOGO NUMERO: 2203
Sorteio
[7, 15, 24, 27, 39, 40, 42, 45, 47, 48, 58, 61, 67, 71, 72, 74, 81, 88, 92, 94]
Bilhete:
[0, 1, 6, 7, 9, 15, 16, 17, 20, 22, 23, 26, 27, 31, 34, 37, 39, 42, 44, 45, 47, 48, 49, 50, 51, 58, 59, 60, 61, 63, 64, 70, 72, 74, 75, 76, 77, 80, 81, 84, 85, 86, 88, 89, 90, 92, 94, 96, 98, 99]
Acertos:
16

JOGO NUMERO: 2209
Sorteio
[7, 15, 24, 27, 39, 40, 42, 45, 47, 48, 58, 61, 67, 71, 72, 74, 81, 88, 92, 94]
Bilhete:
[1, 2, 3, 4, 6, 7, 8, 10, 11, 13, 14, 24, 31, 33, 35, 36, 40, 42, 43, 44, 45, 46, 48, 50, 53, 54, 58, 59, 61, 65, 67, 69, 71, 72, 73, 74, 75, 77, 79, 80, 81, 82, 85, 86, 87, 88, 89, 92, 93, 99]
Acertos:
15

JOGO NUMERO: 2217
Sorteio
[7, 15, 24, 27, 39, 40, 42, 45, 47, 48, 58, 61, 67, 71, 72, 74, 81, 88, 92, 94]
Bilhete:
[0, 1, 2, 3, 4, 9, 12, 13, 14, 15, 17, 19, 21, 24, 25, 27, 29, 34, 38, 40, 41, 43, 45, 47, 48, 51, 52, 54, 58, 59, 60, 61, 62, 63, 64, 66, 68, 69, 70, 72, 73, 74, 76, 77, 81, 88, 90, 92, 93, 94]
Acertos:
15

JOGO NUMERO: 2284
Sorteio
[7, 15, 24, 27, 39, 40, 42, 45, 47, 48, 58, 61, 67, 71, 72, 74, 81, 88, 92, 94]
Bilhete:
[0, 2, 4, 5, 6, 11, 15, 18, 19, 22, 24, 25, 26, 27, 29, 31, 35, 36, 38, 39, 41, 42, 45, 47, 48, 52, 55, 57, 58, 60, 61, 64, 67, 70, 71, 72, 75, 78, 79, 81, 82, 83, 85, 86, 88, 89, 91, 93, 96, 98]
Acertos:
15

JOGO NUMERO: 2286
Sorteio
[7, 15, 24, 27, 39, 40, 42, 45, 47, 48, 58, 61, 67, 71, 72, 74, 81, 88, 92, 94]
Bilhete:
[2, 3, 4, 6, 8, 11, 14, 15, 18, 22, 23, 25, 28, 30, 31, 32, 37, 39, 40, 41, 42, 43, 45, 46, 47, 48, 50, 55, 57, 59, 61, 62, 63, 67, 68, 72, 73, 74, 75, 77, 79, 80, 81, 82, 85, 87, 88, 92, 94, 97]
Acertos:
15

JOGO NUMERO: 2342
Sorteio
[7, 15, 24, 27, 39, 40, 42, 45, 47, 48, 58, 61, 67, 71, 72, 74, 81, 88, 92, 94]
Bilhete:
[1, 3, 7, 8, 11, 13, 15, 17, 18, 24, 27, 29, 30, 31, 33, 36, 37, 39, 40, 42, 43, 44, 45, 46, 47, 48, 49, 50, 52, 56, 57, 58, 59, 66, 67, 70, 71, 72, 74, 76, 77, 81, 83, 84, 87, 88, 89, 93, 96, 97]
Acertos:
17

JOGO NUMERO: 2452
Sorteio
[7, 15, 24, 27, 39, 40, 42, 45, 47, 48, 58, 61, 67, 71, 72, 74, 81, 88, 92, 94]
Bilhete:
[1, 3, 4, 7, 8, 9, 10, 14, 15, 16, 17, 18, 19, 20, 24, 27, 29, 30, 36, 37, 39, 40, 42, 46, 47, 48, 51, 53, 55, 58, 59, 61, 63, 64, 65, 67, 68, 70, 74, 77, 78, 80, 81, 82, 85, 86, 89, 94, 98, 99]
Acertos:
15

JOGO NUMERO: 2527
Sorteio
[7, 15, 24, 27, 39, 40, 42, 45, 47, 48, 58, 61, 67, 71, 72, 74, 81, 88, 92, 94]
Bilhete:
[1, 5, 6, 7, 9, 11, 15, 16, 18, 19, 20, 21, 22, 23, 24, 28, 31, 36, 37, 39, 40, 42, 45, 47, 50, 51, 52, 53, 55, 56, 61, 62, 65, 67, 68, 69, 70, 71, 74, 77, 82, 83, 87, 88, 89, 90, 92, 94, 95, 97]
Acertos:
15

JOGO NUMERO: 2636
Sorteio
[7, 15, 24, 27, 39, 40, 42, 45, 47, 48, 58, 61, 67, 71, 72, 74, 81, 88, 92, 94]
Bilhete:
[4, 5, 7, 8, 9, 10, 13, 15, 17, 19, 22, 23, 24, 26, 34, 35, 36, 39, 41, 42, 43, 46, 47, 48, 50, 51, 53, 56, 57, 58, 60, 61, 62, 69, 71, 72, 74, 76, 77, 78, 79, 80, 83, 88, 89, 90, 91, 92, 94, 99]
Acertos:
15

JOGO NUMERO: 2831
Sorteio
[7, 15, 24, 27, 39, 40, 42, 45, 47, 48, 58, 61, 67, 71, 72, 74, 81, 88, 92, 94]
Bilhete:
[3, 6, 8, 10, 11, 14, 15, 16, 18, 19, 21, 23, 25, 27, 30, 31, 34, 35, 37, 38, 39, 40, 41, 44, 45, 47, 48, 56, 57, 58, 59, 63, 66, 67, 70, 71, 72, 74, 75, 78, 81, 82, 84, 86, 88, 93, 94, 95, 96, 99]
Acertos:
15

JOGO NUMERO: 2913
Sorteio
[7, 15, 24, 27, 39, 40, 42, 45, 47, 48, 58, 61, 67, 71, 72, 74, 81, 88, 92, 94]
Bilhete:
[0, 1, 4, 6, 8, 9, 11, 12, 15, 16, 17, 18, 19, 20, 23, 24, 27, 32, 40, 41, 42, 44, 45, 46, 47, 48, 50, 51, 54, 56, 59, 60, 62, 67, 71, 72, 74, 77, 78, 87, 88, 89, 90, 91, 92, 93, 94, 95, 97, 99]
Acertos:
15

JOGO NUMERO: 2984
Sorteio
[7, 15, 24, 27, 39, 40, 42, 45, 47, 48, 58, 61, 67, 71, 72, 74, 81, 88, 92, 94]
Bilhete:
[2, 6, 7, 9, 10, 12, 14, 15, 16, 17, 18, 19, 20, 23, 26, 30, 31, 32, 33, 34, 36, 39, 42, 43, 45, 47, 48, 53, 54, 58, 61, 62, 63, 67, 71, 72, 74, 77, 79, 81, 82, 83, 84, 85, 87, 88, 90, 93, 97, 98]
Acertos:
15

JOGO NUMERO: 3005
Sorteio
[7, 15, 24, 27, 39, 40, 42, 45, 47, 48, 58, 61, 67, 71, 72, 74, 81, 88, 92, 94]
Bilhete:
[1, 4, 6, 7, 9, 11, 14, 17, 20, 23, 24, 28, 30, 35, 38, 39, 41, 42, 43, 44, 45, 46, 47, 52, 57, 58, 60, 61, 64, 65, 67, 68, 70, 72, 73, 74, 77, 81, 83, 84, 85, 86, 87, 88, 90, 92, 93, 94, 95, 99]
Acertos:
15

JOGO NUMERO: 3058
Sorteio
[7, 15, 24, 27, 39, 40, 42, 45, 47, 48, 58, 61, 67, 71, 72, 74, 81, 88, 92, 94]
Bilhete:
[1, 4, 5, 6, 7, 9, 12, 15, 16, 18, 20, 21, 23, 24, 25, 27, 31, 32, 33, 39, 40, 42, 43, 45, 46, 47, 49, 51, 53, 54, 62, 63, 64, 66, 67, 71, 72, 73, 74, 76, 79, 80, 81, 82, 83, 84, 85, 86, 88, 98]
Acertos:
15

JOGO NUMERO: 3065
Sorteio
[7, 15, 24, 27, 39, 40, 42, 45, 47, 48, 58, 61, 67, 71, 72, 74, 81, 88, 92, 94]
Bilhete:
[0, 1, 2, 3, 7, 8, 17, 21, 23, 24, 25, 27, 29, 34, 35, 36, 39, 42, 43, 45, 46, 47, 48, 49, 50, 53, 54, 55, 56, 57, 59, 61, 64, 65, 67, 68, 69, 70, 71, 72, 73, 74, 81, 85, 87, 91, 94, 96, 98, 99]
Acertos:
15

JOGO NUMERO: 3160
Sorteio
[7, 15, 24, 27, 39, 40, 42, 45, 47, 48, 58, 61, 67, 71, 72, 74, 81, 88, 92, 94]
Bilhete:
[2, 3, 5, 7, 9, 11, 13, 17, 19, 21, 23, 24, 27, 28, 30, 31, 32, 36, 38, 39, 40, 41, 42, 45, 46, 47, 48, 51, 56, 58, 63, 67, 68, 70, 71, 73, 75, 76, 78, 81, 82, 85, 87, 88, 90, 92, 94, 95, 97, 98]
Acertos:
16

JOGO NUMERO: 3321
Sorteio
[7, 15, 24, 27, 39, 40, 42, 45, 47, 48, 58, 61, 67, 71, 72, 74, 81, 88, 92, 94]
Bilhete:
[1, 2, 5, 6, 7, 8, 15, 21, 22, 23, 24, 25, 27, 31, 33, 34, 35, 36, 38, 42, 44, 46, 47, 48, 49, 53, 58, 61, 62, 63, 64, 66, 69, 72, 74, 77, 80, 81, 83, 84, 86, 87, 88, 90, 91, 92, 93, 94, 96, 97]
Acertos:
15

JOGO NUMERO: 3541
Sorteio
[7, 15, 24, 27, 39, 40, 42, 45, 47, 48, 58, 61, 67, 71, 72, 74, 81, 88, 92, 94]
Bilhete:
[3, 7, 9, 13, 14, 16, 17, 19, 24, 25, 26, 27, 28, 29, 30, 31, 33, 34, 35, 36, 38, 39, 40, 41, 42, 45, 47, 49, 50, 56, 57, 58, 60, 62, 65, 67, 68, 70, 71, 72, 74, 77, 78, 79, 81, 83, 91, 92, 95, 99]
Acertos:
15

JOGO NUMERO: 3545
Sorteio
[7, 15, 24, 27, 39, 40, 42, 45, 47, 48, 58, 61, 67, 71, 72, 74, 81, 88, 92, 94]
Bilhete:
[0, 2, 7, 11, 14, 15, 19, 22, 24, 25, 27, 28, 29, 33, 34, 35, 36, 37, 41, 42, 44, 45, 47, 48, 52, 54, 55, 57, 58, 61, 68, 69, 71, 72, 74, 75, 76, 77, 78, 81, 82, 84, 86, 89, 90, 91, 93, 94, 96, 99]
Acertos:
15

JOGO NUMERO: 3646
Sorteio
[7, 15, 24, 27, 39, 40, 42, 45, 47, 48, 58, 61, 67, 71, 72, 74, 81, 88, 92, 94]
Bilhete:
[0, 1, 2, 3, 4, 5, 6, 7, 11, 13, 15, 16, 19, 20, 21, 25, 26, 35, 38, 39, 40, 42, 47, 48, 50, 56, 57, 58, 60, 61, 64, 66, 67, 68, 71, 73, 74, 77, 81, 83, 84, 85, 86, 87, 88, 89, 90, 92, 94, 95]
Acertos:
16

JOGO NUMERO: 3656
Sorteio
[7, 15, 24, 27, 39, 40, 42, 45, 47, 48, 58, 61, 67, 71, 72, 74, 81, 88, 92, 94]
Bilhete:
[0, 1, 4, 6, 7, 8, 9, 13, 15, 16, 19, 21, 24, 29, 34, 35, 36, 38, 40, 41, 42, 43, 47, 48, 49, 52, 53, 56, 57, 58, 59, 61, 62, 63, 65, 67, 68, 71, 75, 76, 77, 81, 83, 88, 92, 93, 94, 96, 98, 99]
Acertos:
15

JOGO NUMERO: 3673
Sorteio
[7, 15, 24, 27, 39, 40, 42, 45, 47, 48, 58, 61, 67, 71, 72, 74, 81, 88, 92, 94]
Bilhete:
[3, 7, 11, 13, 16, 21, 23, 24, 25, 27, 29, 30, 31, 38, 39, 40, 44, 47, 48, 51, 52, 56, 57, 58, 59, 61, 62, 65, 66, 67, 68, 70, 72, 74, 77, 78, 79, 80, 81, 82, 83, 85, 86, 87, 88, 90, 91, 93, 94, 95]
Acertos:
15

JOGO NUMERO: 3875
Sorteio
[7, 15, 24, 27, 39, 40, 42, 45, 47, 48, 58, 61, 67, 71, 72, 74, 81, 88, 92, 94]
Bilhete:
[0, 1, 4, 6, 10, 11, 15, 17, 18, 19, 22, 24, 27, 28, 31, 37, 39, 40, 41, 42, 45, 46, 47, 48, 49, 50, 53, 57, 58, 59, 65, 68, 72, 73, 74, 75, 77, 79, 81, 83, 84, 86, 87, 88, 89, 92, 94, 95, 97, 99]
Acertos:
16

JOGO NUMERO: 4067
Sorteio
[7, 15, 24, 27, 39, 40, 42, 45, 47, 48, 58, 61, 67, 71, 72, 74, 81, 88, 92, 94]
Bilhete:
[2, 3, 4, 7, 13, 14, 15, 18, 20, 22, 24, 25, 27, 30, 31, 33, 36, 37, 39, 40, 42, 43, 46, 47, 48, 51, 54, 55, 56, 57, 58, 60, 63, 64, 67, 70, 71, 72, 75, 77, 82, 85, 86, 87, 88, 91, 92, 93, 94, 95]
Acertos:
16

JOGO NUMERO: 4239
Sorteio
[7, 15, 24, 27, 39, 40, 42, 45, 47, 48, 58, 61, 67, 71, 72, 74, 81, 88, 92, 94]
Bilhete:
[0, 4, 5, 7, 8, 9, 10, 12, 15, 20, 21, 23, 24, 26, 27, 28, 29, 35, 36, 38, 39, 42, 43, 45, 46, 47, 48, 50, 51, 53, 54, 57, 58, 59, 60, 67, 71, 73, 78, 81, 82, 86, 87, 88, 89, 90, 92, 94, 95, 98]
Acertos:
16

JOGO NUMERO: 4452
Sorteio
[7, 15, 24, 27, 39, 40, 42, 45, 47, 48, 58, 61, 67, 71, 72, 74, 81, 88, 92, 94]
Bilhete:
[1, 9, 10, 13, 15, 18, 22, 23, 24, 25, 27, 28, 29, 32, 36, 37, 38, 39, 40, 42, 45, 47, 48, 49, 50, 52, 54, 56, 57, 59, 61, 63, 65, 66, 67, 71, 72, 73, 75, 79, 82, 83, 84, 87, 90, 91, 92, 94, 95, 97]
Acertos:
15

JOGO NUMERO: 4834
Sorteio
[7, 15, 24, 27, 39, 40, 42, 45, 47, 48, 58, 61, 67, 71, 72, 74, 81, 88, 92, 94]
Bilhete:
[0, 3, 9, 12, 13, 15, 17, 18, 20, 21, 22, 23, 25, 27, 28, 38, 39, 40, 41, 42, 44, 45, 46, 47, 48, 53, 55, 57, 60, 61, 62, 64, 65, 67, 68, 72, 73, 74, 77, 78, 80, 81, 82, 83, 86, 87, 88, 92, 95, 98]
Acertos:
15

JOGO NUMERO: 4843
Sorteio
[7, 15, 24, 27, 39, 40, 42, 45, 47, 48, 58, 61, 67, 71, 72, 74, 81, 88, 92, 94]
Bilhete:
[1, 2, 7, 8, 9, 10, 11, 12, 14, 15, 18, 22, 24, 26, 29, 31, 32, 33, 34, 36, 37, 39, 40, 45, 47, 48, 49, 56, 57, 58, 62, 63, 64, 67, 71, 74, 83, 85, 86, 87, 88, 89, 90, 91, 92, 93, 94, 95, 96, 97]
Acertos:
15

JOGO NUMERO: 4898
Sorteio
[7, 15, 24, 27, 39, 40, 42, 45, 47, 48, 58, 61, 67, 71, 72, 74, 81, 88, 92, 94]
Bilhete:
[2, 4, 5, 6, 7, 8, 11, 15, 16, 18, 19, 21, 23, 24, 27, 29, 33, 35, 37, 38, 39, 40, 42, 44, 45, 46, 47, 50, 52, 55, 56, 57, 58, 60, 66, 67, 69, 72, 73, 79, 82, 85, 87, 88, 89, 91, 92, 93, 94, 96]
Acertos:
15

JOGO NUMERO: 5160
Sorteio
[7, 15, 24, 27, 39, 40, 42, 45, 47, 48, 58, 61, 67, 71, 72, 74, 81, 88, 92, 94]
Bilhete:
[0, 1, 4, 6, 7, 9, 13, 14, 17, 20, 23, 26, 27, 31, 32, 34, 36, 38, 39, 40, 41, 44, 45, 46, 47, 48, 49, 50, 53, 54, 58, 59, 61, 63, 64, 67, 69, 71, 73, 74, 77, 79, 81, 82, 83, 87, 90, 91, 92, 94]
Acertos:
15

JOGO NUMERO: 5366
Sorteio
[7, 15, 24, 27, 39, 40, 42, 45, 47, 48, 58, 61, 67, 71, 72, 74, 81, 88, 92, 94]
Bilhete:
[1, 4, 5, 9, 11, 13, 17, 22, 23, 24, 25, 27, 28, 35, 36, 37, 39, 40, 42, 45, 46, 48, 49, 54, 56, 57, 58, 60, 61, 64, 65, 69, 70, 71, 72, 74, 77, 78, 79, 80, 81, 83, 85, 86, 87, 88, 92, 93, 94, 97]
Acertos:
16

JOGO NUMERO: 5423
Sorteio
[7, 15, 24, 27, 39, 40, 42, 45, 47, 48, 58, 61, 67, 71, 72, 74, 81, 88, 92, 94]
Bilhete:
[0, 3, 4, 7, 8, 13, 14, 15, 16, 18, 24, 26, 27, 28, 32, 39, 40, 42, 45, 49, 52, 53, 54, 56, 58, 59, 60, 63, 64, 65, 66, 67, 68, 69, 70, 71, 73, 74, 76, 77, 81, 85, 86, 88, 89, 90, 92, 94, 96, 99]
Acertos:
16

JOGO NUMERO: 5464
Sorteio
[7, 15, 24, 27, 39, 40, 42, 45, 47, 48, 58, 61, 67, 71, 72, 74, 81, 88, 92, 94]
Bilhete:
[0, 4, 5, 8, 10, 11, 12, 14, 16, 17, 19, 21, 23, 24, 25, 27, 28, 31, 33, 34, 35, 39, 40, 42, 43, 45, 48, 49, 59, 61, 62, 63, 67, 69, 71, 73, 74, 76, 78, 79, 81, 84, 86, 88, 91, 92, 94, 96, 97, 99]
Acertos:
15

JOGO NUMERO: 5530
Sorteio
[7, 15, 24, 27, 39, 40, 42, 45, 47, 48, 58, 61, 67, 71, 72, 74, 81, 88, 92, 94]
Bilhete:
[3, 5, 6, 8, 10, 11, 14, 15, 17, 23, 25, 29, 32, 36, 40, 42, 44, 45, 46, 47, 48, 50, 52, 55, 56, 58, 59, 61, 62, 64, 66, 67, 68, 70, 72, 73, 74, 79, 81, 86, 87, 88, 90, 91, 92, 93, 94, 95, 96, 97]
Acertos:
15

JOGO NUMERO: 5778
Sorteio
[7, 15, 24, 27, 39, 40, 42, 45, 47, 48, 58, 61, 67, 71, 72, 74, 81, 88, 92, 94]
Bilhete:
[1, 2, 3, 7, 9, 12, 15, 17, 19, 20, 26, 27, 29, 30, 32, 33, 34, 36, 37, 38, 39, 41, 42, 43, 44, 45, 48, 52, 54, 56, 58, 59, 60, 61, 62, 63, 64, 67, 72, 74, 77, 78, 79, 81, 83, 86, 87, 92, 93, 94]
Acertos:
15

JOGO NUMERO: 5779
Sorteio
[7, 15, 24, 27, 39, 40, 42, 45, 47, 48, 58, 61, 67, 71, 72, 74, 81, 88, 92, 94]
Bilhete:
[0, 1, 3, 5, 7, 8, 11, 13, 15, 20, 21, 23, 26, 27, 29, 30, 31, 35, 41, 42, 45, 47, 48, 49, 51, 53, 57, 58, 60, 61, 63, 66, 68, 70, 71, 72, 73, 74, 75, 77, 79, 81, 83, 88, 90, 92, 93, 95, 98, 99]
Acertos:
15

JOGO NUMERO: 5873
Sorteio
[7, 15, 24, 27, 39, 40, 42, 45, 47, 48, 58, 61, 67, 71, 72, 74, 81, 88, 92, 94]
Bilhete:
[2, 3, 4, 5, 9, 13, 15, 17, 18, 23, 24, 25, 26, 27, 33, 36, 39, 40, 42, 47, 49, 51, 54, 55, 56, 57, 58, 60, 61, 62, 63, 66, 67, 68, 70, 71, 72, 74, 76, 77, 78, 79, 82, 83, 84, 87, 88, 92, 95, 97]
Acertos:
15

JOGO NUMERO: 5918
Sorteio
[7, 15, 24, 27, 39, 40, 42, 45, 47, 48, 58, 61, 67, 71, 72, 74, 81, 88, 92, 94]
Bilhete:
[0, 6, 7, 8, 10, 11, 15, 20, 21, 22, 23, 24, 26, 27, 28, 30, 34, 37, 38, 39, 41, 42, 43, 44, 46, 47, 48, 49, 50, 51, 52, 55, 57, 58, 59, 68, 69, 72, 74, 76, 81, 83, 84, 87, 88, 91, 92, 94, 96, 97]
Acertos:
15

JOGO NUMERO: 5972
Sorteio
[7, 15, 24, 27, 39, 40, 42, 45, 47, 48, 58, 61, 67, 71, 72, 74, 81, 88, 92, 94]
Bilhete:
[1, 2, 3, 6, 7, 10, 11, 12, 14, 15, 18, 19, 22, 26, 27, 28, 30, 32, 34, 35, 37, 39, 42, 43, 45, 47, 48, 49, 50, 56, 58, 59, 60, 61, 62, 63, 64, 67, 70, 71, 72, 77, 81, 83, 84, 86, 88, 90, 93, 99]
Acertos:
15

JOGO NUMERO: 6058
Sorteio
[7, 15, 24, 27, 39, 40, 42, 45, 47, 48, 58, 61, 67, 71, 72, 74, 81, 88, 92, 94]
Bilhete:
[3, 5, 7, 8, 9, 11, 14, 15, 18, 20, 25, 27, 30, 32, 33, 34, 38, 39, 40, 43, 45, 46, 47, 48, 50, 53, 55, 58, 59, 61, 62, 64, 67, 68, 72, 74, 75, 77, 81, 82, 83, 84, 85, 88, 90, 91, 92, 93, 98, 99]
Acertos:
16

JOGO NUMERO: 6073
Sorteio
[7, 15, 24, 27, 39, 40, 42, 45, 47, 48, 58, 61, 67, 71, 72, 74, 81, 88, 92, 94]
Bilhete:
[0, 6, 7, 10, 13, 15, 16, 18, 19, 20, 21, 22, 24, 25, 26, 27, 30, 32, 33, 34, 35, 40, 41, 42, 43, 46, 47, 48, 51, 52, 55, 56, 58, 63, 67, 68, 71, 72, 73, 75, 79, 81, 82, 83, 84, 92, 93, 94, 96, 98]
Acertos:
15

JOGO NUMERO: 6266
Sorteio
[7, 15, 24, 27, 39, 40, 42, 45, 47, 48, 58, 61, 67, 71, 72, 74, 81, 88, 92, 94]
Bilhete:
[0, 2, 9, 13, 15, 17, 18, 19, 22, 24, 27, 30, 32, 38, 39, 40, 41, 42, 43, 45, 46, 47, 48, 49, 50, 51, 52, 53, 54, 56, 59, 60, 61, 64, 65, 67, 69, 73, 75, 77, 79, 80, 81, 82, 84, 87, 88, 92, 94, 95]
Acertos:
15

JOGO NUMERO: 6270
Sorteio
[7, 15, 24, 27, 39, 40, 42, 45, 47, 48, 58, 61, 67, 71, 72, 74, 81, 88, 92, 94]
Bilhete:
[1, 4, 5, 7, 9, 12, 14, 15, 18, 19, 22, 24, 25, 26, 27, 29, 30, 34, 36, 39, 44, 45, 47, 48, 52, 53, 55, 58, 60, 61, 62, 63, 68, 69, 70, 72, 73, 74, 82, 83, 86, 87, 88, 89, 90, 92, 94, 95, 98, 99]
Acertos:
15

JOGO NUMERO: 6417
Sorteio
[7, 15, 24, 27, 39, 40, 42, 45, 47, 48, 58, 61, 67, 71, 72, 74, 81, 88, 92, 94]
Bilhete:
[5, 6, 7, 8, 10, 12, 13, 21, 25, 26, 27, 28, 30, 31, 32, 33, 34, 36, 38, 39, 40, 41, 42, 45, 47, 48, 49, 50, 51, 54, 55, 57, 60, 61, 70, 71, 72, 73, 74, 78, 81, 83, 87, 88, 89, 91, 94, 96, 98, 99]
Acertos:
15

JOGO NUMERO: 6435
Sorteio
[7, 15, 24, 27, 39, 40, 42, 45, 47, 48, 58, 61, 67, 71, 72, 74, 81, 88, 92, 94]
Bilhete:
[2, 8, 10, 14, 15, 17, 20, 21, 24, 26, 27, 28, 33, 38, 39, 41, 42, 43, 45, 47, 48, 49, 54, 56, 57, 58, 60, 63, 64, 66, 67, 68, 70, 72, 73, 74, 75, 78, 81, 82, 85, 87, 90, 91, 92, 93, 94, 96, 97, 99]
Acertos:
15

JOGO NUMERO: 6450
Sorteio
[7, 15, 24, 27, 39, 40, 42, 45, 47, 48, 58, 61, 67, 71, 72, 74, 81, 88, 92, 94]
Bilhete:
[2, 3, 8, 9, 11, 15, 16, 18, 19, 27, 28, 31, 32, 35, 36, 37, 39, 40, 41, 42, 45, 47, 48, 49, 51, 52, 53, 54, 57, 58, 61, 62, 63, 67, 69, 70, 74, 75, 76, 78, 81, 84, 86, 89, 92, 93, 94, 95, 96, 99]
Acertos:
15

JOGO NUMERO: 6713
Sorteio
[7, 15, 24, 27, 39, 40, 42, 45, 47, 48, 58, 61, 67, 71, 72, 74, 81, 88, 92, 94]
Bilhete:
[0, 1, 3, 4, 7, 12, 13, 14, 15, 21, 22, 24, 28, 30, 31, 33, 37, 38, 39, 40, 42, 43, 44, 45, 47, 48, 49, 51, 52, 61, 62, 65, 67, 68, 69, 73, 74, 75, 76, 77, 78, 81, 82, 83, 84, 88, 92, 94, 95, 97]
Acertos:
16

JOGO NUMERO: 6718
Sorteio
[7, 15, 24, 27, 39, 40, 42, 45, 47, 48, 58, 61, 67, 71, 72, 74, 81, 88, 92, 94]
Bilhete:
[0, 4, 5, 7, 8, 11, 12, 14, 15, 17, 22, 23, 26, 27, 31, 32, 37, 38, 40, 41, 42, 44, 45, 47, 48, 50, 52, 54, 56, 58, 60, 61, 62, 67, 68, 69, 72, 73, 74, 76, 77, 78, 82, 85, 87, 91, 92, 93, 94, 97]
Acertos:
15

JOGO NUMERO: 6787
Sorteio
[7, 15, 24, 27, 39, 40, 42, 45, 47, 48, 58, 61, 67, 71, 72, 74, 81, 88, 92, 94]
Bilhete:
[1, 2, 3, 9, 12, 14, 17, 20, 21, 23, 24, 26, 27, 31, 34, 36, 37, 38, 39, 40, 41, 42, 44, 45, 47, 48, 49, 50, 51, 55, 57, 58, 59, 63, 64, 67, 70, 71, 72, 74, 78, 79, 80, 81, 83, 87, 89, 92, 95, 97]
Acertos:
15

JOGO NUMERO: 6865
Sorteio
[7, 15, 24, 27, 39, 40, 42, 45, 47, 48, 58, 61, 67, 71, 72, 74, 81, 88, 92, 94]
Bilhete:
[2, 3, 4, 5, 6, 7, 8, 10, 12, 14, 17, 19, 21, 23, 24, 27, 28, 29, 32, 33, 35, 40, 42, 44, 45, 48, 49, 50, 53, 54, 57, 58, 60, 61, 63, 64, 67, 69, 72, 75, 79, 81, 83, 84, 86, 88, 92, 93, 94, 97]
Acertos:
15

JOGO NUMERO: 6876
Sorteio
[7, 15, 24, 27, 39, 40, 42, 45, 47, 48, 58, 61, 67, 71, 72, 74, 81, 88, 92, 94]
Bilhete:
[0, 2, 3, 5, 7, 10, 14, 15, 18, 26, 27, 29, 30, 31, 33, 36, 37, 39, 40, 42, 45, 46, 47, 48, 54, 56, 57, 58, 59, 61, 63, 64, 66, 67, 70, 74, 77, 79, 81, 82, 85, 86, 87, 89, 90, 91, 92, 96, 97, 98]
Acertos:
15

JOGO NUMERO: 6913
Sorteio
[7, 15, 24, 27, 39, 40, 42, 45, 47, 48, 58, 61, 67, 71, 72, 74, 81, 88, 92, 94]
Bilhete:
[1, 4, 5, 8, 12, 15, 16, 17, 20, 23, 24, 25, 30, 32, 33, 36, 37, 39, 40, 42, 43, 45, 46, 47, 48, 49, 51, 52, 56, 57, 58, 61, 63, 65, 69, 71, 72, 73, 74, 76, 77, 78, 81, 86, 87, 89, 90, 94, 95, 99]
Acertos:
15

JOGO NUMERO: 6960
Sorteio
[7, 15, 24, 27, 39, 40, 42, 45, 47, 48, 58, 61, 67, 71, 72, 74, 81, 88, 92, 94]
Bilhete:
[2, 7, 8, 10, 13, 16, 17, 21, 24, 25, 28, 33, 34, 39, 40, 41, 42, 43, 45, 46, 47, 53, 57, 58, 59, 61, 62, 66, 67, 69, 70, 71, 72, 73, 74, 75, 77, 78, 79, 82, 83, 84, 86, 88, 89, 91, 92, 93, 96, 98]
Acertos:
15

JOGO NUMERO: 7063
Sorteio
[7, 15, 24, 27, 39, 40, 42, 45, 47, 48, 58, 61, 67, 71, 72, 74, 81, 88, 92, 94]
Bilhete:
[0, 2, 6, 7, 9, 11, 12, 18, 19, 20, 24, 25, 26, 27, 31, 32, 34, 37, 38, 39, 40, 41, 42, 43, 44, 45, 47, 48, 50, 52, 53, 55, 57, 58, 59, 62, 65, 66, 68, 71, 72, 74, 79, 81, 84, 85, 89, 92, 94, 97]
Acertos:
16

JOGO NUMERO: 7168
Sorteio
[7, 15, 24, 27, 39, 40, 42, 45, 47, 48, 58, 61, 67, 71, 72, 74, 81, 88, 92, 94]
Bilhete:
[0, 1, 4, 7, 8, 9, 12, 13, 14, 15, 19, 20, 21, 22, 24, 25, 27, 30, 32, 35, 37, 39, 40, 42, 43, 44, 47, 51, 54, 57, 58, 61, 63, 66, 67, 68, 71, 72, 74, 76, 77, 80, 82, 89, 92, 93, 94, 95, 96, 98]
Acertos:
16

JOGO NUMERO: 7180
Sorteio
[7, 15, 24, 27, 39, 40, 42, 45, 47, 48, 58, 61, 67, 71, 72, 74, 81, 88, 92, 94]
Bilhete:
[0, 2, 4, 7, 8, 9, 10, 14, 16, 20, 24, 29, 30, 31, 33, 35, 37, 39, 40, 41, 43, 45, 46, 47, 48, 51, 55, 56, 58, 60, 61, 62, 63, 65, 67, 68, 71, 72, 73, 74, 77, 80, 82, 83, 84, 90, 92, 94, 96, 98]
Acertos:
15

JOGO NUMERO: 7230
Sorteio
[7, 15, 24, 27, 39, 40, 42, 45, 47, 48, 58, 61, 67, 71, 72, 74, 81, 88, 92, 94]
Bilhete:
[3, 5, 11, 12, 13, 15, 16, 17, 20, 23, 24, 25, 26, 27, 28, 29, 33, 35, 38, 39, 40, 42, 43, 44, 45, 47, 51, 53, 55, 59, 61, 67, 68, 69, 70, 71, 74, 76, 77, 81, 84, 86, 88, 89, 91, 92, 93, 94, 95, 99]
Acertos:
16

JOGO NUMERO: 7251
Sorteio
[7, 15, 24, 27, 39, 40, 42, 45, 47, 48, 58, 61, 67, 71, 72, 74, 81, 88, 92, 94]
Bilhete:
[0, 1, 2, 4, 5, 6, 7, 8, 13, 16, 18, 20, 21, 24, 26, 27, 30, 31, 35, 37, 39, 40, 42, 46, 47, 55, 56, 57, 58, 62, 64, 66, 67, 69, 70, 71, 74, 76, 77, 78, 80, 81, 84, 87, 88, 89, 92, 94, 96, 98]
Acertos:
15

JOGO NUMERO: 7263
Sorteio
[7, 15, 24, 27, 39, 40, 42, 45, 47, 48, 58, 61, 67, 71, 72, 74, 81, 88, 92, 94]
Bilhete:
[1, 3, 4, 5, 8, 13, 15, 22, 24, 25, 26, 28, 29, 33, 37, 39, 40, 43, 44, 47, 49, 51, 52, 55, 56, 57, 58, 59, 60, 61, 63, 64, 67, 69, 70, 71, 72, 74, 75, 76, 81, 84, 85, 88, 91, 92, 93, 94, 95, 99]
Acertos:
15

JOGO NUMERO: 7286
Sorteio
[7, 15, 24, 27, 39, 40, 42, 45, 47, 48, 58, 61, 67, 71, 72, 74, 81, 88, 92, 94]
Bilhete:
[0, 1, 4, 5, 6, 7, 8, 9, 11, 16, 18, 19, 22, 23, 24, 31, 32, 34, 37, 39, 41, 42, 43, 44, 45, 46, 47, 48, 49, 51, 54, 59, 61, 66, 69, 71, 72, 74, 76, 81, 84, 85, 88, 89, 91, 92, 93, 94, 97, 99]
Acertos:
15

JOGO NUMERO: 7319
Sorteio
[7, 15, 24, 27, 39, 40, 42, 45, 47, 48, 58, 61, 67, 71, 72, 74, 81, 88, 92, 94]
Bilhete:
[5, 8, 10, 11, 13, 15, 16, 17, 19, 20, 21, 23, 24, 28, 31, 33, 37, 40, 41, 42, 44, 45, 46, 48, 52, 53, 54, 57, 58, 61, 64, 71, 72, 73, 74, 75, 78, 81, 84, 85, 86, 87, 88, 89, 91, 92, 94, 97, 98, 99]
Acertos:
15

JOGO NUMERO: 7380
Sorteio
[7, 15, 24, 27, 39, 40, 42, 45, 47, 48, 58, 61, 67, 71, 72, 74, 81, 88, 92, 94]
Bilhete:
[2, 3, 5, 6, 7, 8, 9, 15, 17, 19, 20, 21, 22, 25, 27, 35, 36, 37, 39, 40, 41, 42, 47, 48, 49, 53, 55, 56, 57, 58, 59, 60, 61, 63, 65, 66, 72, 73, 74, 78, 79, 81, 84, 85, 87, 89, 90, 92, 94, 96]
Acertos:
15

JOGO NUMERO: 7412
Sorteio
[7, 15, 24, 27, 39, 40, 42, 45, 47, 48, 58, 61, 67, 71, 72, 74, 81, 88, 92, 94]
Bilhete:
[1, 2, 3, 4, 7, 13, 14, 16, 17, 21, 23, 26, 28, 29, 31, 32, 37, 39, 40, 42, 44, 45, 46, 47, 48, 51, 55, 58, 61, 62, 64, 65, 66, 67, 68, 69, 72, 74, 75, 76, 80, 86, 87, 88, 89, 91, 92, 93, 94, 97]
Acertos:
15

JOGO NUMERO: 7414
Sorteio
[7, 15, 24, 27, 39, 40, 42, 45, 47, 48, 58, 61, 67, 71, 72, 74, 81, 88, 92, 94]
Bilhete:
[0, 4, 5, 7, 11, 13, 15, 16, 17, 20, 24, 25, 26, 27, 31, 32, 33, 34, 37, 39, 40, 42, 45, 47, 51, 53, 54, 56, 57, 61, 62, 64, 66, 69, 71, 72, 75, 77, 78, 79, 83, 84, 87, 88, 89, 92, 94, 96, 97, 98]
Acertos:
15

JOGO NUMERO: 7489
Sorteio
[7, 15, 24, 27, 39, 40, 42, 45, 47, 48, 58, 61, 67, 71, 72, 74, 81, 88, 92, 94]
Bilhete:
[0, 1, 2, 3, 5, 6, 8, 12, 13, 15, 16, 20, 21, 24, 25, 27, 28, 32, 34, 36, 37, 38, 39, 40, 41, 42, 44, 45, 47, 50, 51, 53, 54, 55, 58, 60, 61, 62, 63, 67, 70, 72, 74, 77, 82, 88, 91, 94, 95, 96]
Acertos:
15

JOGO NUMERO: 7637
Sorteio
[7, 15, 24, 27, 39, 40, 42, 45, 47, 48, 58, 61, 67, 71, 72, 74, 81, 88, 92, 94]
Bilhete:
[3, 6, 7, 8, 9, 10, 13, 16, 17, 21, 22, 26, 34, 35, 37, 39, 41, 42, 45, 47, 48, 51, 52, 53, 54, 55, 56, 58, 60, 61, 62, 64, 66, 67, 71, 72, 74, 75, 80, 81, 86, 87, 89, 92, 93, 94, 95, 97, 98, 99]
Acertos:
15

JOGO NUMERO: 7775
Sorteio
[7, 15, 24, 27, 39, 40, 42, 45, 47, 48, 58, 61, 67, 71, 72, 74, 81, 88, 92, 94]
Bilhete:
[0, 1, 2, 7, 11, 17, 20, 22, 24, 25, 26, 27, 28, 29, 30, 32, 34, 35, 36, 38, 39, 40, 41, 43, 45, 47, 48, 51, 56, 59, 60, 61, 62, 64, 65, 66, 67, 70, 71, 72, 80, 81, 87, 88, 93, 94, 95, 96, 97, 98]
Acertos:
15

JOGO NUMERO: 8009
Sorteio
[7, 15, 24, 27, 39, 40, 42, 45, 47, 48, 58, 61, 67, 71, 72, 74, 81, 88, 92, 94]
Bilhete:
[0, 2, 3, 4, 7, 14, 15, 16, 20, 25, 27, 29, 31, 33, 34, 36, 37, 39, 40, 41, 45, 47, 48, 51, 53, 55, 56, 57, 58, 59, 61, 66, 67, 69, 71, 73, 74, 76, 77, 80, 82, 83, 87, 88, 90, 91, 93, 94, 97, 99]
Acertos:
15

JOGO NUMERO: 8424
Sorteio
[7, 15, 24, 27, 39, 40, 42, 45, 47, 48, 58, 61, 67, 71, 72, 74, 81, 88, 92, 94]
Bilhete:
[1, 2, 3, 5, 7, 9, 10, 11, 14, 15, 16, 19, 22, 24, 27, 28, 32, 37, 38, 40, 43, 45, 47, 48, 50, 51, 52, 54, 58, 59, 60, 61, 63, 66, 67, 68, 69, 71, 72, 74, 75, 79, 83, 86, 88, 89, 93, 94, 97, 99]
Acertos:
16

JOGO NUMERO: 8471
Sorteio
[7, 15, 24, 27, 39, 40, 42, 45, 47, 48, 58, 61, 67, 71, 72, 74, 81, 88, 92, 94]
Bilhete:
[2, 4, 5, 7, 11, 13, 15, 18, 21, 23, 24, 25, 27, 30, 32, 33, 34, 35, 40, 42, 45, 46, 47, 48, 50, 51, 52, 54, 57, 58, 59, 60, 64, 66, 69, 70, 71, 72, 74, 76, 79, 80, 84, 85, 86, 89, 92, 93, 94, 95]
Acertos:
15

JOGO NUMERO: 8511
Sorteio
[7, 15, 24, 27, 39, 40, 42, 45, 47, 48, 58, 61, 67, 71, 72, 74, 81, 88, 92, 94]
Bilhete:
[1, 2, 3, 5, 7, 8, 10, 11, 12, 13, 15, 17, 18, 20, 25, 27, 29, 33, 34, 38, 39, 40, 42, 45, 46, 48, 51, 55, 59, 60, 61, 64, 65, 66, 67, 68, 70, 71, 72, 74, 76, 78, 79, 81, 85, 86, 87, 92, 93, 99]
Acertos:
15

JOGO NUMERO: 8605
Sorteio
[7, 15, 24, 27, 39, 40, 42, 45, 47, 48, 58, 61, 67, 71, 72, 74, 81, 88, 92, 94]
Bilhete:
[1, 2, 4, 7, 10, 11, 12, 13, 14, 15, 16, 19, 22, 23, 24, 26, 27, 29, 30, 31, 37, 38, 40, 41, 42, 45, 46, 48, 49, 50, 53, 57, 58, 60, 62, 64, 65, 67, 69, 71, 72, 78, 82, 85, 88, 89, 90, 92, 94, 97]
Acertos:
15

JOGO NUMERO: 8863
Sorteio
[7, 15, 24, 27, 39, 40, 42, 45, 47, 48, 58, 61, 67, 71, 72, 74, 81, 88, 92, 94]
Bilhete:
[0, 1, 7, 8, 9, 10, 13, 15, 17, 19, 20, 23, 24, 26, 27, 28, 29, 30, 32, 36, 38, 40, 42, 45, 46, 48, 49, 51, 52, 58, 59, 61, 64, 67, 69, 71, 72, 73, 74, 76, 78, 80, 81, 82, 85, 86, 91, 93, 98, 99]
Acertos:
15

JOGO NUMERO: 8958
Sorteio
[7, 15, 24, 27, 39, 40, 42, 45, 47, 48, 58, 61, 67, 71, 72, 74, 81, 88, 92, 94]
Bilhete:
[0, 2, 4, 6, 7, 8, 10, 13, 14, 20, 23, 24, 26, 27, 30, 34, 35, 37, 38, 40, 41, 42, 45, 47, 53, 54, 55, 57, 58, 59, 61, 63, 69, 71, 72, 74, 75, 76, 77, 79, 81, 82, 84, 85, 86, 91, 92, 93, 94, 98]
Acertos:
15

JOGO NUMERO: 9037
Sorteio
[7, 15, 24, 27, 39, 40, 42, 45, 47, 48, 58, 61, 67, 71, 72, 74, 81, 88, 92, 94]
Bilhete:
[3, 4, 5, 8, 9, 10, 12, 14, 15, 17, 20, 21, 22, 23, 24, 27, 28, 29, 30, 33, 37, 40, 41, 42, 44, 45, 46, 48, 49, 52, 53, 54, 58, 60, 65, 67, 71, 72, 74, 76, 83, 84, 85, 86, 87, 88, 89, 92, 94, 95]
Acertos:
15

JOGO NUMERO: 9256
Sorteio
[7, 15, 24, 27, 39, 40, 42, 45, 47, 48, 58, 61, 67, 71, 72, 74, 81, 88, 92, 94]
Bilhete:
[0, 2, 4, 7, 8, 9, 10, 13, 15, 16, 17, 21, 23, 24, 26, 27, 28, 30, 31, 35, 40, 42, 45, 47, 48, 49, 51, 53, 56, 57, 58, 59, 60, 62, 66, 67, 70, 71, 72, 73, 79, 81, 83, 86, 88, 89, 91, 96, 97, 98]
Acertos:
15

JOGO NUMERO: 9331
Sorteio
[7, 15, 24, 27, 39, 40, 42, 45, 47, 48, 58, 61, 67, 71, 72, 74, 81, 88, 92, 94]
Bilhete:
[1, 4, 6, 7, 11, 14, 15, 18, 19, 20, 21, 22, 24, 26, 27, 28, 30, 32, 33, 37, 38, 40, 42, 43, 46, 47, 48, 49, 50, 57, 60, 61, 63, 67, 68, 71, 73, 74, 77, 79, 80, 82, 88, 89, 92, 93, 94, 95, 96, 97]
Acertos:
15

JOGO NUMERO: 9380
Sorteio
[7, 15, 24, 27, 39, 40, 42, 45, 47, 48, 58, 61, 67, 71, 72, 74, 81, 88, 92, 94]
Bilhete:
[1, 2, 4, 5, 6, 7, 8, 9, 11, 14, 15, 16, 19, 21, 25, 26, 27, 28, 29, 30, 32, 36, 38, 39, 40, 41, 42, 45, 47, 50, 51, 56, 60, 61, 62, 63, 64, 67, 71, 72, 73, 74, 77, 78, 79, 81, 87, 89, 94, 97]
Acertos:
15

JOGO NUMERO: 9472
Sorteio
[7, 15, 24, 27, 39, 40, 42, 45, 47, 48, 58, 61, 67, 71, 72, 74, 81, 88, 92, 94]
Bilhete:
[1, 2, 3, 6, 7, 8, 9, 12, 15, 16, 18, 19, 20, 23, 24, 26, 32, 33, 34, 36, 39, 40, 41, 42, 44, 45, 46, 48, 52, 55, 57, 58, 60, 62, 63, 66, 67, 68, 71, 72, 74, 75, 76, 80, 81, 82, 89, 90, 92, 93]
Acertos:
15

JOGO NUMERO: 9790
Sorteio
[7, 15, 24, 27, 39, 40, 42, 45, 47, 48, 58, 61, 67, 71, 72, 74, 81, 88, 92, 94]
Bilhete:
[0, 2, 3, 4, 6, 7, 8, 9, 14, 15, 18, 19, 20, 21, 22, 24, 26, 27, 30, 32, 34, 40, 42, 44, 46, 47, 48, 54, 56, 60, 61, 62, 64, 66, 70, 71, 72, 74, 76, 78, 81, 82, 85, 87, 92, 93, 94, 96, 97, 98]
Acertos:
15

JOGO NUMERO: 9852
Sorteio
[7, 15, 24, 27, 39, 40, 42, 45, 47, 48, 58, 61, 67, 71, 72, 74, 81, 88, 92, 94]
Bilhete:
[0, 3, 4, 5, 6, 8, 10, 12, 13, 15, 17, 21, 22, 24, 25, 26, 27, 28, 30, 34, 39, 40, 41, 45, 46, 47, 51, 53, 55, 56, 58, 60, 61, 62, 65, 66, 68, 71, 72, 74, 76, 79, 80, 81, 88, 89, 94, 95, 96, 99]
Acertos:
15

JOGO NUMERO: 9956
Sorteio
[7, 15, 24, 27, 39, 40, 42, 45, 47, 48, 58, 61, 67, 71, 72, 74, 81, 88, 92, 94]
Bilhete:
[2, 5, 6, 7, 11, 12, 14, 15, 16, 17, 20, 21, 24, 26, 27, 32, 34, 35, 37, 40, 41, 42, 47, 48, 51, 53, 55, 58, 60, 63, 65, 66, 68, 69, 71, 72, 73, 74, 75, 79, 80, 81, 83, 87, 88, 92, 94, 95, 96, 98]
Acertos:
16

JOGO NUMERO: 10132
Sorteio
[7, 15, 24, 27, 39, 40, 42, 45, 47, 48, 58, 61, 67, 71, 72, 74, 81, 88, 92, 94]
Bilhete:
[0, 1, 2, 7, 11, 12, 14, 15, 20, 23, 24, 25, 26, 31, 32, 33, 36, 39, 40, 42, 43, 44, 46, 47, 51, 52, 54, 60, 61, 63, 66, 67, 69, 71, 72, 74, 76, 80, 81, 83, 85, 86, 88, 90, 91, 93, 94, 97, 98, 99]
Acertos:
15

JOGO NUMERO: 10174
Sorteio
[7, 15, 24, 27, 39, 40, 42, 45, 47, 48, 58, 61, 67, 71, 72, 74, 81, 88, 92, 94]
Bilhete:
[5, 6, 7, 8, 10, 13, 15, 16, 18, 19, 20, 21, 26, 27, 31, 32, 34, 35, 36, 37, 38, 40, 42, 45, 48, 49, 52, 54, 56, 57, 59, 60, 61, 66, 67, 71, 74, 75, 76, 79, 80, 81, 83, 88, 91, 92, 94, 95, 96, 97]
Acertos:
15

JOGO NUMERO: 10278
Sorteio
[7, 15, 24, 27, 39, 40, 42, 45, 47, 48, 58, 61, 67, 71, 72, 74, 81, 88, 92, 94]
Bilhete:
[2, 3, 4, 5, 6, 10, 11, 15, 17, 21, 22, 24, 27, 28, 29, 30, 33, 37, 38, 40, 47, 49, 58, 60, 61, 62, 65, 67, 68, 69, 70, 71, 72, 74, 75, 76, 78, 81, 83, 84, 85, 87, 88, 89, 92, 93, 94, 95, 96, 97]
Acertos:
15

JOGO NUMERO: 10363
Sorteio
[7, 15, 24, 27, 39, 40, 42, 45, 47, 48, 58, 61, 67, 71, 72, 74, 81, 88, 92, 94]
Bilhete:
[1, 2, 5, 7, 9, 14, 15, 17, 20, 21, 24, 26, 29, 31, 35, 36, 39, 41, 43, 45, 46, 47, 48, 49, 51, 55, 58, 60, 61, 62, 63, 65, 69, 70, 71, 72, 73, 74, 79, 81, 84, 85, 86, 90, 91, 92, 93, 94, 96, 98]
Acertos:
15

JOGO NUMERO: 10542
Sorteio
[7, 15, 24, 27, 39, 40, 42, 45, 47, 48, 58, 61, 67, 71, 72, 74, 81, 88, 92, 94]
Bilhete:
[5, 6, 8, 10, 11, 15, 16, 18, 20, 22, 23, 24, 26, 27, 31, 32, 33, 36, 37, 38, 39, 40, 42, 43, 44, 46, 47, 52, 56, 58, 63, 66, 67, 68, 69, 70, 71, 72, 73, 74, 75, 76, 78, 79, 81, 87, 91, 92, 94, 99]
Acertos:
15

JOGO NUMERO: 10609
Sorteio
[7, 15, 24, 27, 39, 40, 42, 45, 47, 48, 58, 61, 67, 71, 72, 74, 81, 88, 92, 94]
Bilhete:
[2, 5, 7, 9, 11, 13, 16, 23, 24, 27, 28, 29, 30, 33, 35, 37, 39, 41, 42, 44, 45, 48, 50, 57, 58, 61, 62, 63, 64, 65, 67, 69, 72, 73, 74, 75, 76, 78, 80, 81, 83, 84, 85, 88, 89, 90, 91, 93, 94, 99]
Acertos:
15

JOGO NUMERO: 10641
Sorteio
[7, 15, 24, 27, 39, 40, 42, 45, 47, 48, 58, 61, 67, 71, 72, 74, 81, 88, 92, 94]
Bilhete:
[0, 4, 5, 6, 7, 8, 9, 11, 13, 17, 19, 21, 22, 23, 29, 30, 31, 32, 34, 36, 38, 39, 40, 43, 44, 45, 46, 47, 48, 52, 53, 61, 67, 70, 71, 72, 74, 76, 79, 80, 81, 83, 85, 88, 90, 92, 93, 94, 97, 98]
Acertos:
15

JOGO NUMERO: 10793
Sorteio
[7, 15, 24, 27, 39, 40, 42, 45, 47, 48, 58, 61, 67, 71, 72, 74, 81, 88, 92, 94]
Bilhete:
[4, 9, 13, 14, 15, 17, 18, 21, 22, 24, 25, 26, 27, 28, 29, 30, 32, 34, 35, 36, 37, 38, 40, 42, 45, 47, 48, 51, 56, 57, 58, 61, 63, 64, 65, 66, 67, 69, 71, 73, 74, 77, 79, 85, 86, 89, 92, 93, 94, 99]
Acertos:
15

JOGO NUMERO: 10864
Sorteio
[7, 15, 24, 27, 39, 40, 42, 45, 47, 48, 58, 61, 67, 71, 72, 74, 81, 88, 92, 94]
Bilhete:
[1, 3, 4, 5, 7, 12, 16, 18, 19, 22, 23, 24, 25, 27, 31, 32, 33, 35, 36, 38, 39, 40, 42, 45, 46, 47, 48, 49, 51, 52, 53, 58, 61, 64, 65, 70, 71, 72, 73, 74, 76, 80, 81, 82, 83, 86, 88, 96, 97, 99]
Acertos:
16

JOGO NUMERO: 11002
Sorteio
[7, 15, 24, 27, 39, 40, 42, 45, 47, 48, 58, 61, 67, 71, 72, 74, 81, 88, 92, 94]
Bilhete:
[1, 4, 6, 12, 14, 15, 16, 19, 24, 25, 26, 27, 29, 34, 37, 41, 42, 45, 46, 47, 48, 50, 51, 52, 53, 54, 58, 59, 61, 62, 65, 66, 67, 68, 71, 72, 74, 75, 79, 80, 81, 85, 87, 88, 90, 91, 92, 96, 98, 99]
Acertos:
16

JOGO NUMERO: 11117
Sorteio
[7, 15, 24, 27, 39, 40, 42, 45, 47, 48, 58, 61, 67, 71, 72, 74, 81, 88, 92, 94]
Bilhete:
[1, 2, 5, 9, 11, 15, 17, 19, 25, 31, 35, 39, 40, 42, 43, 44, 45, 47, 48, 49, 51, 52, 53, 54, 55, 56, 57, 58, 61, 62, 63, 66, 67, 68, 70, 71, 72, 74, 76, 77, 79, 81, 84, 89, 90, 91, 93, 94, 95, 98]
Acertos:
15

JOGO NUMERO: 11180
Sorteio
[7, 15, 24, 27, 39, 40, 42, 45, 47, 48, 58, 61, 67, 71, 72, 74, 81, 88, 92, 94]
Bilhete:
[1, 5, 7, 11, 13, 15, 17, 18, 20, 21, 23, 24, 26, 27, 28, 30, 31, 34, 36, 38, 40, 41, 45, 47, 48, 53, 54, 55, 57, 58, 60, 61, 63, 67, 69, 71, 72, 73, 74, 78, 79, 80, 81, 85, 86, 88, 90, 92, 96, 98]
Acertos:
17

JOGO NUMERO: 11182
Sorteio
[7, 15, 24, 27, 39, 40, 42, 45, 47, 48, 58, 61, 67, 71, 72, 74, 81, 88, 92, 94]
Bilhete:
[4, 5, 7, 8, 9, 11, 12, 15, 16, 19, 22, 27, 28, 33, 35, 42, 45, 47, 48, 50, 51, 54, 55, 58, 59, 61, 62, 64, 67, 69, 70, 71, 72, 73, 76, 77, 79, 80, 81, 82, 83, 84, 86, 88, 89, 93, 94, 96, 97, 99]
Acertos:
15

JOGO NUMERO: 11290
Sorteio
[7, 15, 24, 27, 39, 40, 42, 45, 47, 48, 58, 61, 67, 71, 72, 74, 81, 88, 92, 94]
Bilhete:
[2, 3, 5, 7, 10, 15, 20, 22, 23, 24, 30, 32, 36, 37, 38, 39, 40, 41, 42, 44, 45, 47, 48, 49, 52, 54, 57, 59, 60, 61, 62, 64, 66, 67, 71, 72, 73, 76, 77, 80, 81, 82, 83, 84, 85, 86, 92, 94, 95, 99]
Acertos:
16

JOGO NUMERO: 11364
Sorteio
[7, 15, 24, 27, 39, 40, 42, 45, 47, 48, 58, 61, 67, 71, 72, 74, 81, 88, 92, 94]
Bilhete:
[0, 2, 3, 4, 6, 10, 11, 13, 14, 17, 18, 22, 24, 25, 31, 32, 35, 38, 40, 42, 45, 47, 48, 49, 50, 51, 55, 56, 57, 58, 60, 61, 64, 65, 67, 68, 71, 72, 74, 76, 78, 81, 82, 86, 87, 89, 92, 94, 96, 97]
Acertos:
15

JOGO NUMERO: 11378
Sorteio
[7, 15, 24, 27, 39, 40, 42, 45, 47, 48, 58, 61, 67, 71, 72, 74, 81, 88, 92, 94]
Bilhete:
[3, 4, 6, 7, 9, 15, 17, 18, 20, 22, 25, 26, 31, 32, 34, 35, 40, 42, 43, 47, 48, 50, 53, 55, 58, 61, 62, 64, 65, 67, 68, 69, 71, 74, 75, 77, 79, 80, 81, 82, 84, 86, 88, 91, 92, 93, 94, 96, 98, 99]
Acertos:
15

JOGO NUMERO: 11381
Sorteio
[7, 15, 24, 27, 39, 40, 42, 45, 47, 48, 58, 61, 67, 71, 72, 74, 81, 88, 92, 94]
Bilhete:
[1, 5, 7, 10, 13, 15, 16, 17, 18, 19, 20, 22, 23, 25, 27, 32, 34, 35, 36, 37, 39, 40, 41, 42, 50, 51, 52, 54, 58, 59, 60, 61, 64, 67, 70, 72, 73, 74, 76, 78, 81, 84, 85, 87, 88, 91, 92, 94, 95, 96]
Acertos:
15

JOGO NUMERO: 11406
Sorteio
[7, 15, 24, 27, 39, 40, 42, 45, 47, 48, 58, 61, 67, 71, 72, 74, 81, 88, 92, 94]
Bilhete:
[0, 1, 2, 3, 4, 7, 8, 9, 15, 16, 18, 22, 24, 25, 27, 30, 31, 32, 33, 35, 36, 37, 38, 40, 42, 43, 44, 45, 47, 48, 49, 53, 59, 61, 64, 66, 67, 68, 71, 73, 74, 76, 78, 81, 83, 85, 90, 92, 94, 96]
Acertos:
16

JOGO NUMERO: 11604
Sorteio
[7, 15, 24, 27, 39, 40, 42, 45, 47, 48, 58, 61, 67, 71, 72, 74, 81, 88, 92, 94]
Bilhete:
[0, 3, 5, 6, 7, 9, 15, 16, 17, 18, 20, 24, 25, 26, 31, 32, 36, 39, 42, 45, 47, 48, 49, 50, 51, 53, 54, 55, 56, 58, 61, 62, 64, 68, 69, 71, 72, 73, 74, 79, 81, 82, 85, 86, 89, 90, 91, 92, 93, 96]
Acertos:
15

JOGO NUMERO: 11632
Sorteio
[7, 15, 24, 27, 39, 40, 42, 45, 47, 48, 58, 61, 67, 71, 72, 74, 81, 88, 92, 94]
Bilhete:
[1, 3, 6, 7, 10, 12, 13, 14, 15, 16, 20, 21, 22, 26, 30, 31, 32, 37, 38, 39, 42, 43, 44, 45, 46, 47, 53, 57, 58, 60, 61, 67, 71, 72, 74, 75, 78, 79, 81, 83, 84, 86, 88, 90, 94, 95, 96, 97, 98, 99]
Acertos:
15

JOGO NUMERO: 11724
Sorteio
[7, 15, 24, 27, 39, 40, 42, 45, 47, 48, 58, 61, 67, 71, 72, 74, 81, 88, 92, 94]
Bilhete:
[1, 2, 3, 4, 7, 10, 14, 15, 17, 22, 23, 24, 25, 27, 28, 30, 31, 32, 34, 37, 39, 40, 41, 42, 44, 45, 47, 48, 51, 53, 54, 55, 58, 59, 61, 62, 67, 68, 69, 73, 74, 78, 81, 86, 87, 88, 89, 93, 96, 99]
Acertos:
16

JOGO NUMERO: 11852
Sorteio
[7, 15, 24, 27, 39, 40, 42, 45, 47, 48, 58, 61, 67, 71, 72, 74, 81, 88, 92, 94]
Bilhete:
[7, 8, 10, 11, 14, 15, 18, 20, 23, 25, 26, 29, 31, 33, 34, 37, 39, 40, 41, 42, 43, 45, 46, 47, 48, 49, 53, 55, 56, 57, 58, 60, 61, 63, 66, 70, 71, 78, 80, 81, 87, 88, 89, 90, 92, 93, 94, 95, 98, 99]
Acertos:
15

JOGO NUMERO: 12082
Sorteio
[7, 15, 24, 27, 39, 40, 42, 45, 47, 48, 58, 61, 67, 71, 72, 74, 81, 88, 92, 94]
Bilhete:
[0, 1, 4, 5, 6, 7, 8, 10, 14, 15, 16, 17, 18, 20, 24, 25, 27, 28, 31, 35, 37, 42, 44, 45, 48, 49, 55, 56, 58, 60, 61, 63, 65, 67, 71, 72, 73, 76, 78, 80, 81, 82, 83, 85, 86, 88, 90, 92, 95, 96]
Acertos:
15

JOGO NUMERO: 12121
Sorteio
[7, 15, 24, 27, 39, 40, 42, 45, 47, 48, 58, 61, 67, 71, 72, 74, 81, 88, 92, 94]
Bilhete:
[0, 4, 5, 6, 7, 8, 9, 10, 15, 18, 19, 24, 25, 26, 27, 28, 30, 33, 34, 36, 37, 40, 41, 43, 44, 45, 46, 47, 48, 50, 52, 54, 55, 59, 61, 62, 67, 71, 74, 75, 79, 80, 81, 82, 85, 86, 89, 92, 94, 96]
Acertos:
15

JOGO NUMERO: 12188
Sorteio
[7, 15, 24, 27, 39, 40, 42, 45, 47, 48, 58, 61, 67, 71, 72, 74, 81, 88, 92, 94]
Bilhete:
[0, 6, 7, 11, 13, 14, 15, 17, 20, 22, 24, 26, 27, 30, 31, 38, 39, 46, 47, 48, 49, 50, 54, 55, 56, 58, 59, 60, 61, 62, 64, 69, 70, 72, 74, 76, 79, 81, 83, 84, 85, 86, 87, 88, 90, 92, 93, 94, 97, 99]
Acertos:
15

JOGO NUMERO: 12227
Sorteio
[7, 15, 24, 27, 39, 40, 42, 45, 47, 48, 58, 61, 67, 71, 72, 74, 81, 88, 92, 94]
Bilhete:
[0, 2, 4, 6, 7, 8, 10, 14, 15, 16, 17, 18, 20, 22, 25, 27, 29, 30, 38, 40, 41, 42, 43, 45, 46, 48, 51, 52, 53, 54, 57, 58, 60, 61, 62, 63, 67, 68, 72, 80, 81, 83, 84, 85, 87, 88, 90, 92, 94, 96]
Acertos:
15

JOGO NUMERO: 12289
Sorteio
[7, 15, 24, 27, 39, 40, 42, 45, 47, 48, 58, 61, 67, 71, 72, 74, 81, 88, 92, 94]
Bilhete:
[0, 1, 2, 6, 7, 8, 9, 13, 15, 16, 18, 22, 24, 25, 27, 29, 30, 35, 36, 38, 39, 44, 47, 48, 49, 50, 52, 53, 58, 62, 63, 65, 67, 69, 70, 71, 72, 74, 76, 77, 78, 81, 83, 85, 87, 88, 90, 94, 96, 98]
Acertos:
15

JOGO NUMERO: 12364
Sorteio
[7, 15, 24, 27, 39, 40, 42, 45, 47, 48, 58, 61, 67, 71, 72, 74, 81, 88, 92, 94]
Bilhete:
[0, 1, 3, 4, 6, 7, 8, 10, 11, 12, 13, 15, 17, 18, 24, 26, 27, 28, 32, 33, 34, 38, 40, 43, 46, 48, 49, 57, 58, 59, 61, 62, 66, 67, 68, 71, 73, 74, 76, 80, 81, 82, 87, 88, 92, 93, 94, 96, 98, 99]
Acertos:
15

JOGO NUMERO: 12550
Sorteio
[7, 15, 24, 27, 39, 40, 42, 45, 47, 48, 58, 61, 67, 71, 72, 74, 81, 88, 92, 94]
Bilhete:
[0, 1, 3, 5, 7, 9, 11, 15, 16, 17, 18, 19, 21, 22, 25, 27, 34, 35, 36, 38, 39, 42, 43, 44, 45, 46, 47, 57, 58, 64, 65, 66, 68, 71, 72, 73, 74, 76, 80, 81, 82, 83, 84, 86, 87, 88, 89, 92, 93, 94]
Acertos:
15

JOGO NUMERO: 12574
Sorteio
[7, 15, 24, 27, 39, 40, 42, 45, 47, 48, 58, 61, 67, 71, 72, 74, 81, 88, 92, 94]
Bilhete:
[1, 2, 4, 5, 6, 7, 9, 11, 15, 21, 24, 25, 27, 28, 30, 31, 32, 37, 38, 39, 40, 41, 43, 49, 51, 53, 54, 55, 57, 58, 61, 62, 64, 65, 67, 68, 70, 71, 72, 74, 75, 76, 77, 81, 84, 85, 92, 94, 96, 99]
Acertos:
15
